-1.01653509724647,-0.413542291667227,0.708631256394276,1.42462118506125,0.952140721430404,-0.203027935391844,0.197681050105552,-1.35446906017986,0.0276561260603549,-0.156325439169836,-0.202537674495181,-0.0346083713371671,-0.647379658665483,0.230632987570229,0.479148806131917,1.54880940288194,-2.31372963586841,-1.1773681451851,0.0603492285641097,-0.430075151311367,-1.95354094756997,3.00120678968821,1.19280384933817,-1.09844876126414,1.11399325763789,0.204903880652028,1.35462789880578,1.96703699255294,-2.48001339260763,1.56311845702503
-0.539221046366627,0.166206661471446,-0.556375179327294,1.33061267084882,0.181744457936929,-1.62297714484418,0.0975043128214734,-0.738998965466774,-0.824360787061054,0.827525920880345,-0.123048524872875,-0.927688751711357,0.776205942054143,-0.8744534414914,-1.11212055758748,0.0142397113956286,0.617808934677383,-0.54719978908185,-1.13758129838863,-0.493223892210871,-1.49020243517213,-0.478773607480082,1.54220673288712,-0.90172030979179,2.22587726306274,-2.16924959940278,-2.05569236296012,2.21255888834787,-0.708130337909946,-1.44884471612833
0.555199236218855,0.798496547351799,1.33663419607598,0.150666301903946,-0.100160980568397,0.817258795770779,0.743619945461522,-2.67226927751947,0.0389337553473725,-1.75631983481072,0.400182366568657,-1.02870170179541,-2.69918874549722,0.434164218527934,-0.28957330803464,-0.152135934072992,0.154017436738076,-0.973620748595938,-0.984863898063896,0.287055662357643,0.739732083515335,-1.44593352644273,-0.530676695439845,-0.0405281157958906,0.421377034583099,-0.593010054459153,1.82934492993439,-0.341808871440053,-3.33373003218227,3.6114809372178
1.16447937826048,-1.29195119793358,-1.09034216182573,1.71105596884782,-2.25953672459842,0.23498058678294,-1.00523126539304,2.09062604899066,-0.132876369886496,1.41577930625073,1.02837532082627,0.837382011632014,2.65447565496033,0.256206084042793,1.57770496780301,0.225362824002565,1.04974915479197,-2.21286379218744,0.449561692843537,-0.536435775971511,-0.876994145672992,-2.0580709005452,0.822942073700891,0.954414192786248,-0.419174290358309,1.26823901613117,-0.566044343967075,0.0834039477993598,1.03169459030037,-3.75654447371725
-0.80536384504584,-0.146071890204091,-1.95962689193283,0.0535177455047125,0.478348353954013,1.59909266732781,1.33271424936753,0.614088325629878,1.19010981385165,-1.77629348992377,-0.0567573968795123,0.018355596486625,0.0855991775307824,-0.899562953574499,0.495200990243939,-0.261244413094231,0.119783723948713,-0.443111388655561,1.49726208091603,-0.767754397730809,-0.906306989326522,0.142589849831808,-2.29578031726446,2.81423204508562,-0.502150283378688,-0.729337613890604,0.308072812994698,1.61414373477204,2.32961774826211,2.7302124324498
0.306113497234795,-1.99377471827902,0.483077402478582,0.667782251119785,-1.29916813589667,-0.0611883755736395,0.448879124645707,-0.184343816890084,-0.557606724002114,1.14119020685962,-0.106321100886461,-1.39363212420487,-1.17159534660288,-1.06336989472975,1.76072094109922,0.245288964731644,1.15489396936964,0.756487176504128,-0.892485915614598,-1.01362262790034,1.11069337650179,-0.329143061492679,1.03676227427407,-0.665076953007885,-1.85557657253439,1.23983220712306,1.53495678530653,1.36031018394429,-1.61361699998238,-0.475396037411449
0.620108720759355,1.28242849069514,-3.85101120196602,-1.76671084857371,2.03671399908354,-1.13986950081466,0.441911766473088,1.88894430325306,0.00985884103546293,1.85913474227563,-0.998845259865731,-3.09071587394248,3.93917287380707,-3.06245495134339,-0.136522360316016,-2.48733607242112,0.354501023502574,-1.35923972721414,1.98541641717332,0.236638325581841,-1.25907721078131,-3.32183330586681,-0.295066890966924,0.669838316896079,1.9734422008548,-0.00568522363638938,-3.93884560941376,-0.203279258155459,3.38152197502662,1.62983306374899
0.127479852657718,0.828445247554248,0.358542848539126,-0.572642627023571,0.273284640855007,-1.92612664950627,-1.89649168941309,1.19468124248248,0.191468729131208,2.42765603532065,-0.28846545168176,-0.458407370567176,1.22614082021966,0.350916254484181,-1.13741777971076,0.12103219526086,0.643857402570367,-1.2190816833019,0.680644465632579,-1.67505934601834,1.06415814789888,-0.723569569290947,1.64507057401302,-2.4445021998614,-2.55143394661208,-1.26280092790738,-1.8140228686247,0.924806541326177,0.486151545920187,-2.02656332903469
0.428612994682593,-0.42474249991974,-0.982295178076493,1.10661951683775,-0.65894602664361,0.596626481304602,-0.0268650360589131,-0.505528162149373,-0.201967388502421,-1.21777499815322,-0.810913446948501,0.178059894431452,0.681081769782304,-0.470425414102701,-0.274567789568395,-0.0385920115661771,-1.21104796958563,0.494957526104864,1.32615015173918,-1.38546739331806,-0.784962121280166,0.682578074818838,0.772349079204013,-0.661394648782515,0.192168162169532,-0.578615946107496,-0.175625278946074,-3.29982569283515,1.58508402611578,0.588368235508979
-0.668992924041898,-0.712739335543238,0.230786293590158,-1.09919784718999,0.8856806781198,-1.77975658152865,0.444363373088752,-2.23370738985163,-0.301911606028622,1.42664518441456,-0.492831097135872,0.898423249788089,1.06328408310833,-0.199199953492616,-0.294560913644742,-0.0147960739882269,-0.182117956155467,0.707723987593627,0.443123816270312,1.49120861073623,-2.02566193408477,1.11713170163767,1.01249376692097,-0.753995349811402,-1.0879988433743,-0.522149116412303,-1.29789129295013,-1.93217818358014,0.3833924957817,-0.886864438104607
-0.0837287176679061,-1.04202995466973,0.392919291891071,-0.89371049707593,-0.0709409816425974,0.405176967883949,1.3886941989759,1.17508967980509,0.754573767739039,0.70869961121595,0.315263033036618,1.09928334675076,0.76364610683111,0.810718460344594,0.268700751821675,0.317775714678054,-2.34595351012491,1.38912251937589,0.11211416865986,0.053798381035282,-1.31371456717685,-0.257974693124873,0.466511387156811,1.02492239889001,0.354748110129107,-0.449333286966098,0.275532219877128,2.25047003076018,1.12316326823978,2.84887915781823
-0.173618165126244,1.46367447109075,0.658767539581535,0.122878184904304,-0.419964501033439,-1.37269804465725,-0.139260267690878,-1.57814638620144,-0.265111374372463,1.97293790518541,0.614255874917537,0.595289893762814,0.852745203366048,0.71117508830653,-0.668220720291084,0.056019858780647,0.917416151167244,0.352167427367526,0.00884789296865128,-0.123167004577539,1.37463846607081,-1.07644054169038,-0.52134184959008,-0.415147574561866,-1.97691513689227,0.40586861710603,-0.407049019332772,2.279905174886,-1.1694902502713,-1.21501511730924
-0.701406977011651,1.25503066454472,-0.165237295786043,1.32710244522309,-0.91514702529475,0.22387234628066,-0.422849009939924,-0.322950611701441,0.373826318474077,-0.11004669004648,-0.258999555297205,1.44261750921819,0.0463128350947779,-0.528348881190307,0.590893042672255,-1.27962480560443,1.78480680168147,-0.753542037019739,0.541726997019766,1.23958754329896,-0.825288864683961,-0.844000446061425,1.45141672216428,-0.544657907251501,0.610439747323031,0.715503246221501,-0.0592753725589067,1.24685653914324,1.20490498405354,-2.81912898301661
0.547254804888033,0.324095995006444,2.95449278220927,0.144599270828283,-0.911987323576134,-2.44890348813863,-0.345673708636825,-1.88338807492328,-1.47388904005237,1.82852297645931,-0.1179098088651,0.231963427899891,-1.52221276996499,1.12836322934416,0.143598857311403,1.27275404440781,0.700775666557568,-0.105692187683614,-2.16886714526728,0.617849465567471,-1.26743742333146,-0.724456965061608,1.92358238486411,-1.72688182394618,-0.194593713559854,0.876941470768694,0.749573324234647,-0.877822702557147,-4.22656451445486,-1.9445312079067
-0.536359619744388,0.918638634466913,-1.10187320186218,-0.209662702435944,-1.21766600104498,-1.35721102748027,-2.22046874974145,-1.39782613496729,1.89594465582638,2.10973446148861,0.396340596969275,1.70440035512585,2.76661468615385,-0.348697155418352,-0.305957374158305,0.114238453771438,-0.284978485311634,-0.638074824033311,0.918104111801284,-0.657472121856748,-2.05029072572477,0.361893156104066,1.00048650949567,-0.838282591691565,0.421014865475279,-0.689597088236402,-3.71854542816981,-0.218208519935427,0.428360865548599,-1.57759718174131
-0.67933616497385,-0.839336808120538,-0.532447349549873,0.49265588453629,1.00347509340138,0.75427657041533,-0.178250505391438,-2.5166442948481,0.130100116055216,-0.0609369398869871,0.0539758541975721,0.0326513574649323,0.226804721303209,-1.29708963174052,0.721803439993948,-0.133150829362563,-1.34389681192036,-0.140445163751554,-0.239725412027624,-2.46620678423835,0.0250932339478742,-0.0424030014504828,-0.401871820401897,1.60067974274872,0.81789793131948,-1.32941530335655,-0.987576768985375,-0.936520277082998,1.01712750192729,1.11721433023956
0.0974494740458123,-2.66083724875186,1.1772102122469,1.50844028755248,0.00126139232295588,0.924157939046879,-0.0591203997669817,0.998882572722708,-0.204860679634881,0.268778725770106,0.580528223015736,-0.230876764358541,-0.371592959937021,1.37509600693834,0.872653131210761,1.49213455006383,-1.22140118167257,-2.23950194792623,-0.577489057929796,-0.663637659415095,-0.148702721472771,1.43307180886561,1.75998649873796,0.292448518379206,-0.798934766715968,1.34328876395109,1.63833600467409,-1.32111774755017,-2.23949153186519,-0.571063119109875
0.70642818164811,-0.82895228950761,0.286513116411928,-1.05663051009805,-2.38830768909903,-0.357625193645341,0.644005000105447,-0.827794749769853,-1.13211924985198,-0.412226670533612,-0.899929441489809,-0.702149079486535,-0.167234121757152,-0.573077638626596,0.0586892003974251,-1.14141553301246,0.138940325594271,-1.14700815884113,0.464789950759738,-0.114750167806524,2.46196770891842,-1.85562600767095,-0.244524070236768,-1.88446265233771,-1.75251682719574,0.611353178949263,0.630604059161739,0.332993182154554,-0.509716582962711,-0.279855108997065
0.49767285625807,-0.609714995659698,-1.14175232998863,-0.310374570702993,1.68157280002384,0.433142440823517,0.276821564485692,-0.186095640426823,0.0898779278759801,-0.0840748578995976,0.242821061753631,-0.206646331487051,0.49856040242655,-0.13032006200504,0.604460890871948,0.979493668227285,0.165181369983953,-0.322700936742108,0.431466355203019,-0.917644788333418,-3.06978734727894,0.469676059661896,0.198398728020687,-0.939578501639411,-1.52949310900588,-1.09838587788294,1.11338578500659,0.581474402515669,1.96875935670078,1.7757285446888
-0.31551983896034,0.184538591282918,-1.41390887079059,0.550944262400504,0.647236216053853,1.5228026116007,-2.69687326159354,0.954114447489211,-0.906934237207673,-2.36706588525909,-0.372260943269489,-0.425167647620933,0.23441704157824,0.164092888073331,-0.0474918549000939,0.646291479450923,0.511885223329695,0.596271445421783,1.52661757743336,-0.281994264684316,0.486090214586044,0.264363598655218,-0.144019845589181,2.12269407023826,0.652543812691065,0.116730147662493,2.66566323480384,-0.0749385881306294,0.415297299657871,3.07664605592697
0.469517608657572,0.0433705930784855,1.3585795414084,1.58036981189786,2.29068043096953,0.268283515082345,-0.839051259353321,2.23510476295654,1.27688048661311,1.08666917394648,-0.773169464631259,-0.785500726173014,0.117418337812771,0.718988728293638,-0.420724414359972,2.07750831345744,-0.204163528844891,0.785220276153097,-1.02881734800962,2.83194179809397,-1.78699164736765,1.38193752717891,2.84253160097653,0.191189681529939,0.84729390478934,-2.15809667368144,-0.562604436490063,1.36619146599677,0.0545513573655806,-0.0325367903022082
-0.418031008426665,-0.0417609112176853,-1.29531063270544,1.21056198731803,2.01103782777873,1.78627808754775,1.82000498278279,2.20001244606178,0.257132319147104,-1.12914237393844,-1.29349241712132,-0.714587768766283,0.0024586974464058,-1.81326057958199,0.663876231686187,-1.47165059770261,0.00372387244321342,1.84666848530307,0.743261380218468,-0.46983854433497,0.688994371576774,0.362082988882588,-1.50809371265025,1.92748807131395,-0.840589115076584,0.844930398348941,1.70050188617319,-0.0435953522181791,2.75594593844097,4.52336844505838
-0.591272417835473,-0.901198562284716,0.262057992447113,1.31557051483463,0.241553060461756,1.18320503693897,-0.242885644954348,2.54617950120514,-1.60848300263514,-1.73674453530966,-0.13344209465216,0.547462922752287,-1.23319012985031,-0.494254396774241,-0.919060111085301,0.5233464830368,-0.623694548426386,0.949114148579611,-0.456056700952587,-1.31167876465933,-0.615348811795934,-0.0949081381931967,-1.16703649468992,-0.27688186814448,0.531377384951255,1.34484760824188,0.577979498340042,-0.348115162337562,-0.356121574071049,1.59570690534689
0.42748543486071,0.371582737982062,0.491742902782484,-0.614799083400149,-0.0217106091252316,-1.24549541624529,1.21701007145857,1.02260141427107,1.04826133898019,-0.325784566645186,-0.312484340055371,-0.472631139368799,-0.211839811612282,1.76734743281268,-0.960578750235423,0.300881842989355,0.166175239598811,-0.374777426288536,-0.819795406774734,-0.991782815807325,2.21355012809352,1.35220166152426,-0.82929526592852,-0.917188799200856,1.06777009899891,-1.61510072524835,-0.00988665899621062,1.86050824754479,-0.0993978164225334,-0.417629931855599
0.334434777445489,-0.328514887416921,-0.143323023735217,-0.0592548272059914,1.80856027078329,-0.191808243784989,-0.431599444923776,1.00634984166197,0.409534276476362,1.76928255611801,0.178392842709684,-0.389022218724035,1.08902671860763,-0.29691497926123,-0.438427285140845,-0.582219630251994,-0.314893291407431,2.59163579156913,0.558270023079052,1.92588329280037,-1.51080830833971,0.410215078241595,-1.28072570946912,0.179657864193214,1.36207561185136,-0.634392506572689,-0.400048112862609,-0.436656797221586,-0.822429907966341,-0.782866330720379
0.715841444746797,-1.02466954582046,-1.29783586711962,0.553943768424258,0.313574751473811,0.434585740518088,0.14566114517074,-2.48639494759954,0.660002287988406,0.256142060930481,0.743498225759766,0.933570287127092,2.10056054321315,-0.328806714734131,-1.09284661715038,0.204018549027622,-0.353107311876021,1.08765305087271,1.03550784859689,0.0384969313576449,-1.32789747895564,-1.97037805727266,-0.517439961717857,2.19718780925806,0.333556967612148,-0.669710086790814,-2.15335824708522,-1.06157678450438,1.9812394492118,-1.67784816647399
-0.454937982687852,-0.255108996302178,0.330182763102234,0.207222693940369,-2.22223746453251,-1.38716111821287,-1.85377555679838,0.836677369921668,0.944818936118038,0.728100018914365,0.239400629840685,1.1390037815986,0.496632869815314,0.233372189183428,0.44367413863018,0.617578424358214,-0.134006159920834,-0.526160448039056,-0.0277919716133413,-0.559968343035224,2.02256623752032,1.06886352930981,2.12662188801823,-0.286072725305061,0.421951195426683,-2.29459282811602,-1.10311092383106,-1.2534319891321,0.0876688340389079,-3.76100286106116
0.64832627053279,-0.369006892451563,-0.876374667011733,-0.357393503533937,-3.06644478846093,0.667028600533739,1.74985839304994,-0.467428396194338,-0.764630070987911,-1.33897684449348,0.520598380433931,0.149015441439393,0.522076899943823,-0.981899864211005,-0.0338145378623783,-0.36171352997784,-0.129823225288628,-3.16809598404377,0.957852239084175,-0.164818375052542,1.00774900004088,-0.57883929221865,0.376176606455857,1.27317496169975,-1.04332130336114,1.23486885553117,-0.957063161949512,1.96259000065725,2.36215667881902,-2.69692889442509
1.05623674940953,-2.10075384731526,-2.64918522523033,0.359270406265516,2.30820756583229,-0.503091015278878,-0.977004878414533,-0.900383444606225,1.23210924354128,2.30165214256357,-0.175660271479948,-0.446568414230238,3.53239627009601,-0.941523100100327,-0.68624478571427,-0.429161138392992,0.636980542387894,1.45728195975043,1.57148102902643,-0.908912299715424,0.111643227857085,-0.152734537131929,0.0981240672101538,2.661666830276,-0.559147308001509,0.154264536721537,-5.46787284752191,-0.120551311363544,1.85101870950667,-0.535646248415507
-0.241881188207903,-0.545897309412115,-0.153399704405096,-1.1196014752976,-1.62093989905666,-0.164450407840054,-0.127727489474152,1.60599476798279,0.847002392510105,-0.0232705285542798,0.266498770773678,-0.495770341087192,0.456253070875353,-0.402832587298597,0.660844141809711,-0.172290902529011,-0.291772387412221,-2.3151389531121,1.3425298446676,-0.27759806767762,2.61000632493255,-0.266690427300243,0.807643260559441,-0.0672745169823623,0.228147188891147,-0.100815081358731,-0.472553537676853,1.52458348716238,0.612565244235934,-1.2846076918239
0.514848930297786,1.7644384705581,-0.769230384486484,0.849021586853424,2.95730422298622,1.64706229340936,0.730970298248513,1.21310668647244,-0.081119235255441,0.289684995641324,1.10268515162125,1.41075725589644,0.430022435922839,-0.776428987600834,-0.42367291242732,-1.04727706526921,-0.146276260718042,2.08506415033746,0.442968485216248,-0.867624615580879,-3.03166504730522,-1.81679689225133,-2.33774484091001,0.849007153917558,-0.114848648539042,-0.658022421187965,0.464504424009601,-0.14122901739189,1.55973810201435,2.23816214619876
0.250933423110511,-0.194585710581804,1.23888742787618,1.70661846412652,1.27113700429999,0.825807875372262,-0.898282276850818,-1.39959940255821,-0.198152186741631,-1.21312241362828,0.620604705604111,-0.134140154887906,-2.42094501381211,1.46453980944306,0.779323400589678,0.993433665610182,0.536230572148326,0.612824966230708,-0.814488172016683,-0.0694212698932221,0.51667173175838,0.617741230206537,0.704075655528796,-1.10415174718619,0.540642611659472,0.452931493258271,2.37441600177324,-0.302316388677571,-1.55854247993509,1.04512153944924
-0.655037204113803,-0.150269919911926,2.28885003031198,0.576475835261434,-0.620175613892612,2.56220595715143,-1.91900711391929,1.49312714503465,-0.248466172858221,-1.83750991261146,0.587368745692217,1.74226400831244,-2.22891673607689,0.461347513717713,0.892493882467275,-0.242479763842043,0.0298030585130658,0.197083559663,-1.62629759247663,-0.252184514327352,-1.01997540654566,-0.807952205145385,-0.181839846803581,0.0184947887720168,-2.15203645718462,0.366902535036588,1.55274342504997,0.925989469255909,-2.45576206771209,-0.207413480884101
-0.333525939697927,0.123428242635404,1.0420199660886,-0.793383202109572,0.499509171329188,0.351749121710402,-0.126336352885273,-1.61863588627274,-0.874110274103836,0.986277775570202,-1.14153726827826,-0.558723406137899,-1.1178411645236,1.41112463300991,-0.250532412514651,1.33867175311507,0.393789019511312,-1.38516666447237,-0.968707043025724,-0.121022803179665,2.5175713240236,0.172611108271141,-0.745786907021935,0.528483817261725,-0.789759292055513,-0.265735413263604,2.47738003449789,-2.39386802573931,-1.18668359824937,1.14601199602653
0.0216334659354477,-0.877776951764535,-0.536020955024683,1.70367086944572,-0.531000271855949,-1.08036080164814,0.760843415195578,0.901353552813615,-0.204063223795041,1.43265595413949,0.844553800140094,1.4111555717706,2.20857821823264,-1.05884111824152,1.20675521543919,-0.0354164103543867,-0.819535545856028,-0.81037114221235,1.37490351120227,-1.15671987096651,-0.335895127357863,1.19045121472141,0.854648390089439,-0.0914165418574644,-0.0303428183351198,1.60255451999047,-0.763780699730266,-0.874093097262189,1.97734473963571,0.347899147918213
-0.360499125380167,1.90460847097685,-3.50865165613165,0.614133853825503,1.00105183002919,1.41728189653584,0.1935441865075,-0.200916362069002,-0.116023558040993,-1.13152993021572,0.825666364606371,0.46865070765048,1.79175660500439,-3.06679401326029,-1.30176758945616,-1.96658272155226,0.251733365074727,1.54750518159357,2.50682779852598,0.228177916629919,-1.08829997072771,-1.80994470656378,-2.51249035487615,3.23802915145988,-0.273127251945114,-1.49482086356416,-1.58893577391074,0.234898694095367,3.78566525145513,2.62478219895337
0.39618083802773,0.0235230521827942,-0.216387321998573,-0.75876503336864,1.1455086386141,-1.25427119409295,-0.918600970871534,0.640243194865652,-1.45031511477674,1.50338191587802,-1.13862537211454,-2.12197943580206,1.05247902670628,-0.495708999458137,-0.343097436861538,0.467942261007816,-0.368920058675459,-0.382128202137785,-1.42883880873472,0.816308765730156,2.32337078020945,-0.834253566019061,2.56693301709286,-0.990302265507733,2.21778242197803,0.818238503761142,-3.29330997932619,0.552523791852502,-0.826234713380094,-3.18252893003727
0.314446194678704,-1.5716355818922,1.34271314939296,-0.42577839736443,-0.691622491670319,-0.305859398425753,0.0666725441435242,1.29924617218034,0.406653723167218,1.00662198523719,-0.804931167891872,0.149815605170363,-2.80631228625722,2.58190611102281,-0.724841577256757,1.18190605299221,0.6553921800165,1.19044698023904,0.0638575213180346,0.633745737759281,0.600533782857931,-0.532602220736118,1.28845605109023,0.0269567880173031,-0.684655226015158,0.460514037057735,2.3736913584098,0.772508758841048,-1.5373893703359,-0.318207936108443
0.370401637200071,-0.36705774481203,0.943959566325379,-0.801179834267999,-1.007690268545,1.1147371713469,-0.965463400968059,-0.950530324623248,-0.829825138726535,-0.479952601034189,0.97076594520246,0.51993851704836,-0.559306409936102,1.41827602984582,0.310927741468465,1.32412574585796,-0.597110470215877,-0.439944210596005,0.469185050933382,0.881988612560548,1.4355725806511,2.29837088251076,0.0574019954405089,-0.298271780345293,-0.705485644866413,0.326671612483451,-1.11489421241197,0.607434683731513,-0.115240360891281,-3.67724692677775
0.474756254331124,0.209035176086112,-0.789379956663687,-0.95298984038066,-0.705277522572935,-1.01416999647644,0.945133892686197,-2.56976498961957,0.159962385563343,-0.487430862286672,0.378449625328362,-0.276996201644453,0.325120249567169,-0.956922945421406,0.341266050973448,0.552307162145055,-1.22422855743396,1.15906893967727,0.214741809107465,-0.132630257310979,2.34739949556667,-1.08034219391125,0.23801195520163,-0.222189256286418,-3.27179232825811,0.247778566826552,2.50326674136844,0.244697208489643,-0.944308816427137,2.70695031077854
0.0894309325498441,-0.46732902242421,-0.711055816648212,-0.565573565116708,-0.681313097958369,0.589760357920832,0.721807746768541,-0.848881669516697,-1.53364714849127,-0.768705765724337,-0.0856485211929858,-0.440076694787071,0.635281069441308,0.75675466514598,0.698664222292896,0.922863923585652,1.99487361209298,-1.51676421826781,0.48935831826289,2.57073361319516,1.38641364340067,1.12192504713394,-0.200667145870328,1.63453872353007,-1.1472794092545,3.52860331063296,-1.96597143155043,0.270233588975527,1.9069411086517,-1.5562473394382
-0.215350627832521,-1.04933739118698,-1.69329154154595,-1.11223515180372,-0.234401095694472,-1.04758474567291,0.344611147162645,0.0457307727025809,-0.81513696619409,2.09841254947947,0.362268452832367,1.20163990598058,2.36646400070692,-0.82472999886288,0.949955496643887,0.0649552646290055,-0.334890461746626,-0.111292270340536,0.974766161340927,-0.447083446043471,-1.24208210394014,1.39740672580298,1.84971611333652,-0.243971145724373,0.732724620500998,0.636855043146038,-2.65416081184459,2.17025468533916,1.29854586266825,-1.50386524134987
0.0110873943076811,0.260676250801998,-0.0833693869975851,1.10523061384107,-2.71211388961291,0.802389846978852,0.0747860043603787,1.0409101195532,0.771363305904683,-1.64352630468736,0.418668873346469,0.420332520417935,-0.238469436244291,0.799514112644036,1.34439069651747,0.429492884096401,1.0663625276487,-3.44683066619978,-0.532093476271216,-0.687631413200876,1.98768013161067,1.64473670147147,-1.04182318961195,1.84790430147261,-0.607656260608017,0.520281622058549,1.87365839572221,0.489698236894926,-0.501981157888381,-0.2458216348273
1.22023614247307,-0.00118162758479978,0.671589009650565,-0.351926708689988,-1.50277912932015,-1.0736593845414,0.97607934576778,-0.758829631641995,-0.453564275582398,0.81530996549075,0.559097216729397,-1.0030348174368,0.0458814624733236,-0.656842275486193,-0.362614807391466,-0.633818334419695,-0.209927083553906,0.499867386059666,-1.19608863321344,-1.31329894185484,0.864149904383244,-2.6177830064714,-0.334049775449301,-0.885362575494667,-0.210224157946567,0.239698317591191,-2.44973517196651,-0.962855956205313,-1.42667120458402,-1.8026697432063
0.0992498160324965,0.439987539990995,-0.231169247115044,-0.0714110643696057,0.574377027605978,-2.36380164887165,1.10334612997922,-0.320463672718376,-0.74073162717181,2.39290052653098,-0.609082235957619,-0.861285826019287,1.43746012563571,0.525939307948798,0.0175301154783627,0.922090462332711,-0.205564099972879,-1.17063790702261,0.648256694737856,-0.803394177180347,0.576541220367908,-1.17008682838099,3.96000132434378,-0.789570489528788,0.0264953025486519,-0.226924455051287,-1.58506393933966,-0.0300836732961425,0.790080389186025,-0.807051136121868
-1.06855273521966,-0.179518331948668,0.556994499010982,0.00893155074366119,-0.643018252191827,-0.354103805839432,0.363125028171491,-0.0229831838292043,-0.78536986630876,0.473036211871236,0.537513244856804,1.41903096182307,0.268859539853287,-0.0109600727992924,0.264148081393087,0.68602995652207,0.0250331317261921,0.594367507149756,0.981401989556515,-1.69818119597688,-0.154820334766955,2.08250792330043,1.63534860845716,-1.38421570338765,0.895357225229407,0.959271917845816,1.35417477355966,1.40088386530893,0.704700636097832,-1.80342706506158
0.225882850918387,0.34065012398794,1.16399815027294,0.491722342333371,-0.308068400573133,-0.315757275200951,1.25731272700888,-0.537936366730364,1.07783649534504,-1.09324386474216,-1.53889123597035,-0.919583473791866,-0.51717064890908,0.502380699261282,-0.837847828185905,-0.580960090422703,1.51434558359441,-1.4133806694227,-2.02941801400407,0.948345782981721,-0.0146191518109187,-0.401803072578384,-0.772807598561811,0.283757074906031,-0.242500945343394,-2.11932581097345,0.104787011886159,0.740053067931314,-2.83523688471175,-0.0153941041444001
-1.01217659968014,-2.23376979380395,0.22311873332724,-1.30107526985405,1.29044763449601,0.252289115408743,0.219376088220058,1.07008203460994,0.94341501503886,-0.164224408873702,-0.896904207509538,0.406914237518133,-0.462369465676741,-0.334027544910845,0.346611024309097,-1.03600110114412,-1.59888213883137,0.560864605263916,0.214296078710336,0.257132090205739,0.312576418074707,-0.359899429628751,-1.21829715195946,0.00580534728346254,-2.12516984883147,-0.346115217665532,2.90935004698864,0.721415848206057,-0.275081028997918,4.7365655630957
0.617140279901967,-0.429059745562138,1.08152484183876,0.277997178770997,-0.992069245236129,0.402235434884795,1.35218621128829,-1.40841781591909,0.229025414591848,0.617733656990377,-0.342081712031438,-0.762155394134999,-1.54203880613412,0.491301862881657,0.270703749102872,-0.0455249599507398,-0.22632348496544,-1.55663239007709,-0.853256073703758,0.66142880870977,1.61065002447628,-1.26911967876776,-1.2092982295064,-0.930892400734936,1.47676362713164,-0.939878806699102,2.75186046194942,0.745966416584192,-0.422013568576338,1.81329879110607
-0.770191995337868,1.12439610258959,-1.4049585710922,-0.15530426728672,0.898746004863424,-0.0569829873069924,-1.2429023570253,0.651301705059924,0.260104294997738,-1.64403314788035,0.0143082094035229,0.375428989998585,0.288594520173049,-1.96119779306192,0.833004405920555,-0.861643702768229,-1.04212237850615,0.774385705877453,1.50445663569533,-1.38616398871339,-1.36522970215981,-1.83603889969545,-0.287631456718751,2.30832549155402,-0.266945467509173,1.61426105621089,-0.09509588228486,-2.42220518353136,-0.758891354077694,1.32615041159929
-0.260078681260098,-1.39632742740131,1.21362853847801,-1.65652919151572,1.19085260555512,1.89905525135268,-0.915550677790285,1.89516600677855,-1.15665593296989,-1.12063705218578,1.85342095452572,2.14142175143811,-0.970948656588765,1.14414978915606,-0.0246396333711442,1.34627577031695,0.042002463792319,0.801954496368745,-0.139006368014957,0.224047169685578,-3.75020675003802,2.30983983805379,-1.47164506578668,-1.44964864985539,2.35116149026912,1.01325732808966,1.81329221384284,2.14614821831623,0.791968225599819,0.564427544659496
-0.204394751041373,-0.950931905777514,1.23737401867235,0.381761241690109,-1.61024435641666,0.038593771776091,1.54717169935951,-0.446735724384654,0.641496069226378,1.7355694208145,-0.470861518944082,-0.282620392880445,0.478345748519081,-0.0708994949771553,-1.4462521718695,-0.825708288196783,0.839320479915766,-1.45199844420493,-0.648466712656852,-0.0925494377598409,1.48244582048537,0.919016799005645,0.40710671563204,-1.87065998382391,-1.23476693755534,-0.203066123984741,-0.369420366832743,-0.633147158890744,-0.837216160258613,-2.28689842126034
0.2703494596494,1.30324819728395,0.15379668185788,-0.112602857931573,-1.28523580949013,0.510624356434059,0.891004352476629,0.11874768099751,0.854722585967666,-0.246937807402549,-0.4994754335725,-0.81219091182074,-1.42672880431441,-0.885199168902595,0.860176603539765,-0.29513125914318,1.04653396422804,0.335292039082571,-0.353064932379423,1.0200406407913,1.42319854312312,1.56944591331545,-0.830643582470206,0.689411156393295,-0.398291255607904,-0.65416085134527,0.338285553289742,-0.543298109472139,-0.136338993048084,-1.88355586053955
0.366864272156996,-1.65011028663476,0.633622614435311,0.154663546436239,-0.897630795181552,2.31618161095363,0.85666536904964,-1.01211380815954,-0.71553626811449,-3.3800535008484,0.945477084119723,0.394108133028546,-1.47080151975984,0.266047958379443,1.51737967662757,-0.320588380027062,-0.119103649988236,-0.837033293968594,-0.523040419441669,-0.780191984280244,0.895244432781372,-0.482129020834045,-4.71155906221242,-0.0671329842876618,-0.803541835569005,1.65290107530729,1.79758310827768,-0.585170588487335,-2.02249076584683,-0.384723641213181
0.248274412410078,-0.11695113729558,0.586012783309435,-0.590959164867673,-0.191958900610326,0.706061335161216,1.00621919287371,2.16161654465311,-0.847346153934531,0.435866824922803,-0.545768425739821,-0.891164880373538,0.513157405628328,1.76496514680518,-1.26303164510567,2.38368506043141,-0.616340199989453,0.245641027638114,0.0785182278396017,-0.758679626820882,-0.766653885569138,1.68001692571946,-0.644580370167647,-0.440950145191748,-1.0539651856035,-0.69715554278982,0.951556863987195,1.73801366811771,-1.5556889729458,-0.571661336259436
-0.374486908234635,-0.546957506894531,-0.00949468625690089,-0.0552829080467483,0.14331115654421,-2.27028291919243,-0.198642244968197,0.956112527698297,0.644255557830012,0.712186142106361,0.323027776173111,-0.232156325648153,0.226465034929256,0.981380272326872,-0.246815319017515,0.301964137244809,0.811024940844684,-1.09131701970707,-0.37473026753195,-0.264188170926103,-0.0221394092309934,-0.417977165375545,0.625982137166654,-2.34793536590832,1.69066772965465,-0.0916128457674341,-0.472357676949522,-1.29013515128905,-0.56026879682891,0.246304787874739
-0.597846382378444,1.24141374107932,1.49611286879803,0.755569937830111,-0.957186789243484,1.20375234891389,-0.901004634012387,1.15576355001829,0.174485542280579,-0.478023529960255,-0.157218088641545,-1.18415513968738,-2.2596125050443,0.11887267974963,0.764081432091863,0.452543100667252,-1.03420569839323,-0.20921423221906,-0.798757584030777,0.0916124618744344,1.40863947437012,1.60648175980094,-0.00338022546391937,0.91320255968512,-1.54717582201883,-0.442825454171012,0.282713572101193,1.03153207629182,-3.73911327471427,0.147069444781822
0.384821108899932,0.611781731496163,-1.81867712320817,-0.67565582688309,-1.43208562224182,1.50708067132615,-0.324047675673772,-0.397882963656615,-1.33698903188695,-1.6615187411931,-0.39454226454648,0.354543340755804,-0.199154556677003,-0.297071199963116,-0.495196694695477,1.21084334596897,0.96046111172246,-0.354973575801375,1.87158394027976,-0.076468437528337,0.0703124923494255,1.10634954923861,-0.610995970484727,0.818948185239589,-0.860091677901855,-0.338876469564824,0.343364838066349,0.0942973059404969,1.94717663605445,-0.311837879179931
-0.382741692209018,1.03794467953832,-1.09772132185926,-1.83392182821844,1.88402603812455,-0.784051639214878,0.280178912596988,1.21810901511445,0.0755927090045477,-0.444547299829262,1.251583657354,-0.446892794277051,0.790051074720647,-0.193807869716428,-0.0381719560636357,0.486832871277935,-0.180488493216756,2.48316525897397,0.530284779798332,-0.493870231031006,-2.31441293707105,2.01983723201273,0.423713644145724,0.0329964153843449,-0.00570070261144538,0.0145110195408692,-2.04763667616525,0.0769372220671434,2.76670865083849,0.866489711243264
0.367859571057377,-0.288058116380213,0.663922223363103,0.68248861239764,0.518900895573928,-0.700703565255464,0.475949110702288,-1.68635900791387,-0.312095904126098,1.08322662860809,-0.314777251846601,-0.967393924004567,-0.456614325227117,-0.379453042464411,0.200245710117454,0.350733282649947,0.904209425726192,-0.652997721234315,-0.592382714954613,-0.980016064287501,0.914993219734608,0.195952147386984,2.44030232642129,-1.2393782951788,0.179252673072896,0.777003860890854,0.302401801483151,-0.48259884435334,-1.02837719376191,1.3763279876652
0.660130860783754,-1.69859805141105,-1.3355251998703,-1.21556837601758,-0.514883406047254,2.26621220736725,0.382929044137195,-0.711721749350805,-0.164581608908207,-2.76975380322405,0.587164693144434,-0.591490747400816,-0.638996552610366,-0.539516076248215,1.54964232279843,-0.687494603891604,-0.480378542291933,-0.650393979173892,-0.1394620930028,0.485180876591142,1.59864348563689,-1.94764446886698,-2.00649515558592,0.571158432807998,1.36462562112223,1.24276850916703,0.513765037334773,-0.765585708198617,0.548141324168423,0.270789643220589
-0.229832584015022,1.07813483639194,0.139329494466659,2.43244098639441,0.882803345633623,-0.252290974800961,0.0398354970465753,0.666385893630608,-0.651039675712666,-0.185716868639377,0.397717706320723,0.00829227173136874,-0.256318382387516,0.473821322986668,0.098115708112635,0.632587145659923,-1.89570780037934,2.16082434723648,-0.627586943719704,0.360438378231042,-0.656339015462591,0.113313507135331,-0.0580329459611046,-0.899024033669796,-1.166532992337,1.30213248894637,-0.312360572144668,-1.07040778773417,1.8646898500965,0.106221656138634
0.257688573835033,0.111418404021218,-0.901801769803159,-0.152057535620585,0.118183159308558,-1.06241406614188,0.333203833362968,2.92963280619551,-0.777929180394031,0.681685129972504,-0.675723477333463,0.0403404496938238,0.749771742636484,-0.0750411740665405,-0.938090789130967,0.224731005810935,0.514723349813809,-0.49103294740416,0.37962147294573,0.477449303715607,-0.316061689967429,1.30558744744313,-1.56581550923039,1.3313754701867,0.816589641625794,1.21009628329949,0.652067330202122,-0.333533803027195,1.04439259519134,-0.660099033998307
0.669862415952486,-0.604799007865557,-0.357013900592971,0.76913047590934,-1.25188964597785,-1.18811205954294,-1.43685300690626,1.41866357216175,-0.538809964037507,1.42801577864007,-0.994475693197923,-0.932372458794666,0.828039625224984,-0.157671876369823,0.192072575951064,-0.315273914588172,-0.162399936175891,0.167291975103044,0.189516428258263,-0.409004205912753,0.718781580279809,-0.51242507842299,0.80286630098918,0.423188049086725,0.790552788247063,0.829671602919555,-0.532736880022977,2.2336116349042,1.70183683839225,-1.06669127630095
-0.661926610437867,-0.54963899092199,0.63403507962625,0.784410296306889,-1.28003133939563,0.0437743532279829,0.401299185463808,-1.88649761883437,-0.51474722771797,-1.3300634039341,0.387296473343,0.863584233716847,-2.58632913450908,0.744385340688591,-0.358517070241269,0.753484877394811,-1.27882036048509,-1.48590059268757,-0.093518892821742,0.809114221382963,2.65425888412353,1.85579164856462,-1.02647902978851,0.0582385240601653,1.25494656074484,0.81656007725456,2.85801990126061,-0.52562372072344,-0.349875636752181,0.0826112750872397
-0.146458456020132,0.24640168726681,-1.5117543688845,0.590841032502425,-0.419843960785828,1.07391188932392,-0.546666349329967,0.155922142132386,0.196696594875953,0.633491466103081,0.576697980983916,0.295891935383197,2.23176330077771,-0.564867537776602,-0.383076269370155,0.106644194805516,-0.921470297989951,0.28802258514153,0.565865427329004,-0.288106438958743,-1.68959256244531,0.471868044709448,-1.12430223365293,0.390577306901705,-0.153125400377486,0.420663209670094,-2.62345386486855,-0.614207655255235,3.52887115474141,-2.63054227375972
-0.555926206681469,-0.323923716022892,2.03994898238623,-1.97844682567195,-0.766622572177469,-0.891716061490859,-0.722209721709733,0.320814832384305,0.0872189330990259,0.127053226335196,-1.28030772525208,-0.629240599067251,-2.66134981999415,-0.107765596110475,0.301356590773962,-1.23243566211809,-1.08248532921422,-3.0997713806817,-0.419909522889483,-1.01892715014292,0.636678949039283,0.652982237851179,1.64702317476,-0.957107522722864,-1.26845483656798,-0.712219044069736,2.38076277403997,-1.29343656758572,-1.50977113041555,0.658531222616982
-1.28160153207888,-0.0759353754685859,-2.08722293739906,-2.12986352452906,-0.244825401097159,-0.557862977509764,0.352895971109762,-1.72988776340908,-0.915991107494706,-0.354732613774366,-0.550702096422783,-0.256538875658344,1.94119157909793,-2.21835944329723,0.45098243888222,-1.79157450630525,0.70376542267554,1.81816196516462,2.28127853769023,-0.487687934566133,2.03778223164601,0.283719366504663,2.72456078275137,0.318713650814346,1.25799226916411,1.6042330088933,1.19817904302089,1.48406704500002,2.10346171892275,2.56284534162446
0.752177793195797,-0.773754595412946,0.0779809566381977,1.66210680439501,-0.703645173026559,0.983401825342075,0.786876389787814,1.71531836888072,0.931590509918457,-2.56716869766121,0.628419652416345,-1.02557232754075,-1.86670429416232,0.143292866962233,-0.0230129219361222,1.82297659495172,0.593567751894458,-1.73655991036629,-0.560644511031604,-1.34144180223828,1.613857512952,1.19954333091391,-0.0159381325097467,0.421555773999767,-1.20036708389428,-2.13088936440574,1.13598801812234,0.443247590279924,-0.503604023929031,0.668005028494349
-0.11849597908034,1.32188509914981,-0.778889385748997,1.79526833207002,0.928321932696006,-0.342142949454614,1.59187429211469,-1.30861204481867,0.213756173727658,1.40886267675534,0.536095479181883,-1.21251085582255,2.20433423564292,-0.57780019369119,-0.470466486010692,0.551088450485528,0.718922970555659,-0.0552725598003652,0.810428483219397,-0.506657429586991,-1.359151827795,-0.779140731162536,2.35562863046935,0.0673187968298647,-0.849442001239056,-1.17261319935591,-1.88649255976546,-1.33096720817861,2.16284110612262,0.222295959290712
-0.301279778415844,-0.0467307376061445,0.546854706391136,-0.791019929698022,0.897453914636673,-1.6770394618706,1.2038367585217,-1.28428233876403,-0.0549239925601415,1.00287206675297,-0.0568722285052619,0.753590134782747,-1.20358454375707,0.756680714014066,0.153041602510663,1.112358659673,1.37802718522875,0.662124996598152,-0.0300581269564208,-0.398545825614334,-0.918449014864396,0.520992624633897,1.87340709734348,-1.3662292008338,2.21159985999171,0.711156157806824,1.92620565649517,2.2398543937445,-0.275590149276594,0.522774483783582
1.02173437838381,-0.0228755730347535,-0.836359923127562,-0.484183888234578,1.95179941420944,0.744954115844694,0.157301028263924,0.535988634513266,-0.456082478124061,-0.557085616583897,0.0955035251807119,-1.55330911421982,1.14753426907125,0.649431968075262,1.0260348907206,1.24943929321614,-0.574354104937848,1.58294301612834,1.09882988734085,2.43290750072537,0.208283359789563,0.157991561881983,-0.357074259671285,0.429471894314712,0.371052188081394,2.08844413397242,-1.14551562055556,0.607720517189992,1.5642417173505,-1.30679542719162
0.563678594339157,-0.614563720091684,1.7909583317311,-0.65831787841795,1.12037236916317,-1.18908991778832,-1.13131040429548,-2.29985310910517,-0.942914090909348,1.14263051193402,-0.438387075240225,0.139679918636026,-0.445612851758994,1.31077618780185,-0.247902425756061,0.776313475207463,-0.591366000402282,0.326030819549697,-1.57606530705829,1.35922431015006,-1.74145608432282,-0.122020298512503,0.802974737776577,0.225209157523352,0.471509445885125,1.22748787239073,1.24429639192546,-1.43768220649995,-2.22368540620408,0.489789343526817
0.591618057719926,-1.24234208913741,-1.45111270424036,0.431406000429949,-0.105344265151484,0.380650988372582,-2.14569917135588,2.01126353775606,0.056659711199521,-1.82484215745673,0.12679982998634,0.442394082916416,-0.546585023173574,-1.5154371209956,-0.574881752281387,-0.553586064009514,-0.0118659752583579,-0.292258375356745,0.783498292522986,-1.59833094503628,0.602131328532639,-1.41696525746364,-2.20685514010837,3.35567376850241,0.7277737571118,-0.913194134569244,-0.0596531216217575,-2.1403578755118,2.49989427386675,0.950783501796909
0.638774329595411,-0.108009879993344,2.41391529216958,-0.591549833272036,1.07425315990685,-2.07022392647578,0.591812732077162,-0.292792592235237,0.421208230401214,2.20513428946782,0.138941466825255,0.590399164215114,-0.322032496292671,1.63592187188197,-0.374040119522256,1.93453862761127,2.2618980378321,1.25863629525776,-1.21809235468203,-0.553728204144824,-1.3757387738147,1.35220480326267,-0.689198931004556,-0.993676754004396,-1.01821451117193,-1.23380976809639,-0.0377987620439734,-0.363128439908949,-2.75871668411355,0.935610146533344
1.61470417767945,1.77564319277479,0.439591840723202,-0.18770322505785,-0.203458620395282,-1.68144820604059,-2.36222553811108,-1.64279759919929,0.329649330124199,-0.254772987091715,0.224109086547704,-1.20876252298327,-0.922180473798395,-0.409609344453849,0.161464674830795,0.246474767600451,1.17467387552145,1.27516976483726,0.31742837456484,0.628481354538325,-0.00205590646508093,-1.46806787155696,1.50982681724348,-0.921684943737579,0.507884572563798,1.37311831312381,0.903028469602482,3.05190001418104,-1.90597823864721,-0.950154262563774
-0.106006295007348,0.642250533188086,0.204982958073316,0.700099184775114,0.860447226603034,0.248753361637677,-1.17487923162434,0.697898682057695,0.549808591848779,-1.25936968322308,-0.885123194365461,-0.731921113206309,0.731523265918568,-0.629482425875811,-2.00929465243247,-0.603140138502629,0.896190780498675,0.150329465668749,-0.747182604372223,-1.80946491755555,3.58322090170014,-0.46839340464821,1.20042591198942,1.00408773446946,0.467674261498484,-1.32442450959588,0.426604028720069,-1.05177770383198,0.977636160445531,1.60448490461798
0.766834810767304,1.65342839161107,0.127278146804419,0.316874030261229,0.887726310863375,-1.11963563547108,-0.164030419624041,-1.40529585513523,0.008935083218341,0.0971170157231726,0.244923842558599,-0.735719182228185,0.320481021519826,-0.188354239084916,-0.974918139093604,-0.961878589961835,0.00130198899724605,1.62433201062891,0.452213028654356,0.318064499321125,1.45237800040428,-2.07982395375728,0.73465784306941,-1.33176434664276,-0.754827560752352,-1.50645054344867,-2.51666416344398,0.295208291983887,-0.651839020325522,0.632281347558902
-1.28548201581829,-0.809666327343897,-2.02666666634107,0.5406498358794,-0.396283095454857,0.662371538505971,0.29580547170484,-0.887848420830706,-0.339767346516225,0.722848832095173,-0.35884232192966,0.378703910857642,2.7513102065148,-0.808040142599675,-0.303692094180763,0.469563091969008,-0.279618940873195,0.178935268176082,1.13694061475225,1.05836238127222,-0.207694444430947,0.71937452608208,-0.115240587935877,2.31751478576487,-0.379160700167321,0.601787001235269,-0.860196799278038,-0.116340398057587,3.24192044373291,2.26945419887257
0.0692441339091746,-0.192042196983926,-1.10329866841142,0.362099949058345,-0.892449407139098,-0.0281977824237056,-2.10787946393556,-1.52503938158341,-0.227781013910089,-0.771954502790368,-0.265632203427917,-0.672042603883834,-1.36160101084437,-0.182030756829044,1.40821443169924,0.304063031180916,0.342977872731515,-0.795519387271947,0.911706492417685,0.800922117617247,-0.245945524586204,-0.685324370073232,-2.98307814951402,2.15101112213728,-1.0777891571465,0.139965154614063,0.989820176593834,-2.3694973501842,1.69377115342138,1.39947098362598
-0.790300886958348,-2.18616435781554,-1.90385608986083,0.149458155428041,1.54029676409231,1.09244686478771,0.0754617262430826,-1.80825758672813,-0.88602788352952,-1.74131624432341,0.260413981506339,0.755813976094627,-0.353761285398617,-0.842307673236626,0.907662576458677,-0.431058500540892,0.45736184012325,0.00769053100361492,1.82393372778237,-0.677701265598073,-1.52897254380626,1.36509914180542,-1.62359218436825,0.562634378228294,3.30217815212347,0.676561179350568,0.789331591767643,-2.54493037061779,3.07244159569663,3.54177890575282
-0.0728694743046603,0.470800452168077,2.49969756620971,0.0405442880750539,-1.29355764412975,-1.19253526058437,-0.247807352590304,0.129219083902188,1.68845773321613,0.330062598268208,-0.851873816084675,-0.696277761873167,-1.01836259958064,0.909300800522744,1.18413180806732,0.530361908717283,-0.284765189310613,-2.25149634987925,-2.62365554932172,-0.3809145449459,-0.906330466441651,1.48858854732674,0.531301780843618,-4.70378382706214,1.39139326815333,-1.04472611568078,1.03945267437063,-2.03906830254163,-5.82382222800136,-1.67644487311837
-0.199759971500986,-1.30278464785677,0.979149337123995,-0.0547260846534118,-2.76165961954866,1.55222124849461,-0.546208479284607,-0.981911770524183,-0.429690868228715,-0.53291194276446,0.152085091646242,0.282088580043888,-0.993682723656987,1.48869739837431,-0.266321507781854,1.56937807378202,-0.561174776831569,-2.77672108370397,-0.6842037101924,-1.2639939892072,1.20047415330643,0.22762349637284,-0.680012568388761,0.892862430282917,-1.05054404412028,0.678298090104145,-2.0489091203349,0.123152402546812,-1.31023567724991,-4.61134209572016
0.773965771717831,0.08882374246916,0.818836848199472,0.511733561359855,-0.151978932596822,0.210165556312551,0.0842302707366115,0.940317447706004,-0.577786479833233,0.275633237975325,0.943890932003443,0.439414992885433,-0.473829878162213,0.34273268754206,-0.845085367111132,0.678329964241275,0.0288201936414753,-0.967355438439086,0.656027417029801,-0.0465692053562479,1.10917349196579,-1.40511239173818,1.1354948913899,-1.56558740985538,0.050990912438371,-0.601575440414934,0.347693945562761,-2.48220137804599,0.0226136338811216,-0.95358234828846
0.329665179107622,-0.687283536935409,0.337980883675113,-0.436458745028086,0.638919087098375,0.148936219224819,-0.305641267195715,-0.128947293206279,0.289317587482367,1.87657773371243,-0.174718459305185,-0.110271499149791,1.19311742050435,0.665321885108545,0.409793713962429,1.37989609866855,0.154968021851871,-0.477267227202672,-0.956167244865509,-0.624064160607948,-2.334118735798,2.80834504054608,-0.793088806464805,-0.292630877492261,-0.813773375060197,0.715797667084604,-1.69914444470247,1.64787821801868,-1.74550979693342,-0.0186102767195947
-0.448886878304669,0.616730025063269,-0.225186004099124,-0.638953408787968,-0.605118287423165,0.732967959740517,-0.730015883753738,-1.80101698649707,0.355986427283126,-0.757791525662905,-0.120208029355993,-0.819004317479581,0.258126045308172,-0.534240766321294,1.18008841424499,-0.617789869664193,-0.581922630693304,-2.1393427903188,0.303958691336983,0.0400216514200413,1.90733844925817,-1.038427754674,-3.58763094902749,0.85360629394976,0.121369633603377,0.368310292125808,-1.3738856672165,1.09142050287487,1.1445158249631,-2.24479699749573
0.817490712868519,1.30364573146641,-0.0953778717314855,0.632974674654566,0.61599979334987,-0.162657626140481,-0.573844191836404,0.22804258280345,0.411390350940409,1.09162656201844,0.399083513214763,-1.50892783738199,0.26885208612996,-0.375806302154792,-0.480092349004804,-0.363650313505066,-0.574480818780341,2.19449060432797,0.324262992254367,-0.0336705514188028,1.60205422445578,-0.643336301077463,0.648500443802783,0.300199491049991,1.02255372692732,-0.867463430465119,1.91037253174665,-1.01508324214093,0.594073958583408,0.486389693078845
0.208512928147503,-2.0985574644485,-0.754716423938403,-2.31439434556831,-2.07365619119151,2.3796020414351,-1.46779979401232,-0.945115670804823,0.703029428440085,-2.06800013835148,0.0839687318830422,0.602195865841512,0.0282661475833025,-0.697207794147524,-0.326333033086597,-0.290730825741295,-0.60756303245044,-1.09587891960359,0.878696583437139,1.2954724514712,0.852311456244432,0.701415351525926,-1.36607124086104,0.723936472149597,-0.790838786461132,-1.71112488262283,1.06641606917855,-0.0255088463744777,0.400133862118719,0.37832113027786
0.427240603695061,0.666322910083766,0.829923922668825,-0.993104772695194,-0.758339686278448,-0.640025452954317,0.0645578629206958,-2.61081712988611,0.649718965674054,-0.147031696962389,0.45260448680543,-0.883930511368254,-2.45920206519909,-0.130782240657443,0.117807113510448,-0.80787710452642,-1.24247673327801,-0.161082619142567,-1.01167936988891,1.02969772928102,2.288623761014,-1.38106518527434,-0.659354701473135,-0.564640628339089,2.19439244332489,0.695843528924846,1.93975917888818,-0.300506063925648,-2.22729220841384,2.06689663214161
0.0839051303083199,-1.12596852622388,0.55422461858087,-0.704994546719523,0.283256279363312,1.84608279219131,-0.603737415572898,-0.644792854384225,1.07271485049178,-2.07075354444368,-0.80608366550859,-0.124427374876841,-2.24141360147752,0.568846185594406,-0.104458006873224,0.961331841161646,0.424350752697823,0.0574789340150211,0.449302510283486,0.752844773897528,-0.1350209855144,0.617436643210615,-1.09735483692612,-0.672679847218349,-0.742183728099178,-2.16360551592515,1.98337230009821,-1.02031512780139,-0.793017991652219,3.67462151249005
-0.128955526701788,-0.96945336422737,1.94148287375823,0.122412255134348,0.096064478494689,1.01331509624174,2.01329732752909,0.610290648695031,0.0625017647127682,-1.30975672416948,-0.451802321214057,-0.854590507168429,-3.40743811622832,1.89886020603234,-0.365155523221602,1.31543099901253,-0.819412842450326,1.78686652937657,-0.732375786094124,-0.488084813511701,-0.581353391986584,1.08591672243813,-0.152027739575688,-0.640350638507032,1.09973785639263,-0.0250874432201511,4.58339169612098,-1.46142359636408,-1.01246319714934,1.78684742161169
-1.14355218422851,-0.815789903278836,-2.43922735667641,-1.03076700406779,0.780621314117387,-2.06900785939806,-1.62314177185602,-1.92389087252397,-0.607158676359393,2.7536128902124,-0.276294220805451,0.897033141537852,3.56644302117577,-1.78639923034766,-0.034060946603187,-0.731458779900794,-0.819403594402359,-1.16819618053998,2.05327505456885,0.979346607558705,0.697051797460327,0.121381607964769,-0.27886832081734,0.112688694077185,-0.916542061352408,0.214297670683471,-0.823340202350681,-1.40504502136485,3.62866590497945,1.84495820899779
0.218116779356885,0.304523345312763,0.752760575405055,-0.378513646940003,-0.314568709954037,0.894448342253306,-0.405845707716736,1.54143357409611,0.104780626638899,-1.23668695831862,-0.327862216145641,-1.05747006516066,-1.7505147572998,1.04639324448286,0.780567894443643,-0.479568964172609,-1.1599795254109,0.351007030638872,0.0533951661289617,-0.604075096569269,0.344763049966975,-0.679988208700317,-0.172352347351634,1.73238642614753,-1.37715428664245,1.42765689237642,0.115854478620572,-0.836084993988256,-1.14096442157113,-0.347486827547183
0.548538537025505,-0.35737656498156,-0.560502449431995,-0.452715044732757,-0.729061389376905,0.673267000019669,-0.736825613732894,-0.366712385730226,0.00893299868667774,-0.169858746394793,-1.26453353537997,-1.28271186206052,-0.128671848085815,-1.25134191521292,-0.145837689324123,-0.249609339524584,-0.449547023777951,-0.718172979266609,0.945615257752718,-0.921115504223645,2.19628364901623,0.102845455369371,-0.965805445796663,-0.719382311916385,0.801743401280543,-0.0798888419007697,0.312432041716947,0.502534578617982,0.736556221937814,0.226582218874858
-0.412300992833299,-0.683076850942361,-0.3157966448775,-0.247713388039472,1.49633289966081,0.343420884041102,0.139260995832426,0.906504375999052,-0.422126792351364,-0.851682396696356,-0.0929833613276048,-0.34045275421393,0.262766376739983,-1.05483898688957,0.422663230028868,-0.967092536432848,0.489173299481217,2.91266008437695,-0.386602282701037,-0.743211435333269,-3.83137554276442,-1.78891681304708,0.602909805795475,0.845378906077155,0.643879189219951,0.794625547357437,-0.258038605438628,2.75771416129586,-0.596027682390057,0.587780039948899
-0.245655382760442,-0.11483762649549,0.565303904448528,-0.0421794992488234,3.28886686486949,-0.409030204449068,-1.99086346702994,0.0382125738130908,-0.316126044771076,-0.448931620471867,-0.378983560714927,0.0955275042104088,0.455820715237325,0.131573260507658,0.0534550010433765,0.0352258710985739,-0.0579113739033171,2.26005421227636,0.345570678627743,1.72482016488945,-1.19913162536996,-0.401127460088478,-0.421307795130308,0.529558132212292,-0.670265711828638,-1.2489639271935,1.35224229333161,-1.08139833370328,1.93455967963803,4.7388000971127
0.334202686102783,-0.634058959190179,1.0289434311478,1.28357936849614,0.870641849204164,-0.0475163476679316,-0.0153410658376481,0.393826269982619,0.412683220827869,-0.306687151388945,0.489803313699872,0.563171325403886,-2.58268330671322,0.900435362151569,-0.245887047052427,0.347207969087186,-0.41884983866194,-0.181658811277798,-0.199145314387574,1.09682285213537,-0.34524063689834,-0.389282477545373,0.79771997487116,-3.32661844027182,1.37579325179029,-0.358133640079922,1.52310502734308,0.41488378010233,-0.9859694915098,2.04632600987885
-0.467365162986467,-0.376653241838986,2.29274328968892,0.767951957594556,0.613876833586267,1.66718232112739,-0.455364458278519,0.304212001354194,-0.703798861490068,0.372871165037262,-1.8668898583585,-0.553808282673792,-0.891598432189908,1.45155903587114,-1.64403063544475,0.772516349207902,0.00203433688932425,-0.0647617388460598,-0.671337774700537,-0.742372773896448,1.81393350781625,1.61415237155018,-0.168819990602832,-1.3933678721151,0.343160631031328,-1.09185058463677,-0.906120880200116,-1.62462863372383,-2.80628836087323,-0.0176800150178169
0.384181030211077,-0.422349572968773,-0.220644558348456,2.05435922032541,1.15099656872004,-0.479437204129917,0.981105581482037,-0.68737897374063,-0.685145686573869,1.36043399940126,0.865461414692238,0.511647019647794,1.38230623674472,0.555091937033423,-0.841132307735328,0.0921392170586477,-2.93515578809087,-0.209751683010491,-0.236148230631403,0.823430864059025,-1.27857853027769,-0.0305401213454305,1.52610927242756,0.435506938766098,0.351530486637852,-0.448650195552531,-0.767162719517715,0.895947265583476,0.650865078191862,-0.831589296111132
0.899713590667873,0.804135065216624,0.941669509130038,0.99201464646779,-0.185923491340036,-0.796932345616343,-2.89372221203006,-1.96105951041917,0.163494255925529,0.413964538581222,-0.864441946839053,-1.15557225515856,-0.306904370785639,0.388673717072218,-1.47296489032468,0.0645216992839226,0.772001869685521,-0.143131233536731,-0.124007833124304,-0.683708602502583,-0.867849714714808,-0.371078498868298,-0.0285903293013578,-0.268259322724679,0.101092043434509,-1.04268124251474,-0.0550514896897663,-2.14092383961676,0.139334110000187,0.679437255998351
0.793489929324685,-0.227359371200537,0.427231809084182,1.80008376065413,0.0281478134138629,0.55735898892773,0.0994363498860319,-1.41473880509742,-0.406131854143015,-0.521631494264969,-0.273113375643834,-1.14552659625303,-2.50711438943274,-0.436937827420591,-0.0806542947552854,-0.51455512578572,0.218594260990806,-1.88425087697977,-0.163756981901638,0.157956519033414,0.225721118419665,-0.480315673882899,-1.52660213090319,-1.45347351673186,-1.09875926255027,-0.125782352788456,-0.254280903814607,-1.57998642997695,-0.123757067708768,0.76991797417757
-0.323185964243225,-2.19139260514472,-0.48064360970055,0.00748012184397777,-0.779464550810304,1.06792243768764,0.80865324240496,-2.06481697689797,0.458638081990502,-1.48341330783123,-0.0748638316353599,-0.636131052608825,-0.160223069458166,-0.398274824858257,-0.441845245708345,0.327745161653451,1.17682221687773,-1.42915299138539,0.0277339186344738,-0.630227440780913,0.317476175684062,0.364634971932771,-1.37943797282092,1.78336801612365,-0.0279110103495659,-0.423707994393977,-1.58179999900032,0.690652366040209,-0.667717154809672,-1.84323131153174
0.396022010569627,0.956464646558118,1.09863388472557,0.379641788505372,1.46423977454606,1.385940143895,0.512855155193168,0.190801298399662,0.470666592963282,-0.834719470731183,-1.69356829917597,-0.154610656239992,-0.713893865451889,0.801864669686921,0.304139112588628,0.268029722192488,0.226487015040357,0.238940593424222,-1.53450039480912,-0.10230876870183,-3.20382889363326,-0.776434485767273,-1.64067451500653,-1.47889687299345,-1.81307825259714,0.188573971833317,0.0665941961538244,0.596877167708666,-2.20592033993669,2.21746380043776
-0.812458054554102,0.115140138916771,0.617445051101455,-1.05897857248514,2.54519689083818,-0.173649639152802,0.385297757529757,0.124401435414918,1.0003833366803,1.88605687888686,0.166455657977149,1.89448382019172,-0.479512131632273,-0.678412673626759,0.675466980187107,1.12073018625135,0.956606130963361,1.38452971813583,-2.0518867027446,0.76874609826231,-2.75659358838207,-0.040166440332901,-0.319887112221207,0.401745026673101,-1.93987174973926,-1.65216392707457,-0.515198894671462,-0.845669778942212,-1.91557581785661,2.89443962713039
-0.760968977852662,-1.53063831543608,0.677220797181234,0.0111967696963733,-1.52669032019498,1.93018542670715,-0.895622088233888,1.69066051874213,-0.241806660093178,-0.696903791524886,0.662851645399107,-0.505634071329296,-1.08537727402935,0.0429579438895616,0.0643615513411084,-1.11251934434738,-1.4376355782033,0.155778248907814,-0.398424720146732,-0.643334820600117,1.90773030575959,-0.433775960073885,0.104273523609271,0.496899314842005,-0.890836076490387,0.569439454565386,1.69763820888284,2.54812204299534,-1.91971185654506,1.49322113525991
-1.70242493304164,-0.74206687858205,-0.0785635907495709,-0.771993290440284,-0.338158638711681,0.603125822018792,-0.429053174145471,-0.561139875135128,0.399694742367131,-0.656331725433804,-0.211407377498344,2.24067702525021,-0.749184497834481,0.324672393077972,0.703198536234753,0.887073755998147,-0.597967218117173,0.707870803975868,0.925491735348788,1.400093091098,-1.81678757466236,2.90676871258436,-0.995901073446984,-0.520954657696972,0.399468717717293,0.892767509055414,-2.05046988051456,2.41755280920298,-0.493808040342478,-0.854683023326435
-0.448319924766444,0.405436925498267,0.0887878678323651,-0.4607172426113,-0.959640846895534,-0.19517822892655,0.172460071460436,-0.879320399902437,-0.798821871017762,1.32658354147067,0.499152569826225,1.98487479307682,-0.858430263459637,0.0721862136263947,0.167412632131139,0.886968792277887,-0.228304583610113,-1.08725712661213,-0.806223490129825,1.03119384541594,-1.79314822115186,1.23744209152563,1.53469482882741,-0.160215891688222,0.109245325170577,1.58395464978821,-0.879526691389069,0.717348381033744,0.745790754516219,-0.47993639787644
-0.902429587120201,-0.628345254050888,0.54068517827772,-1.92543378226826,0.976756891608277,-1.28373176650728,-0.899198188653671,-0.11710715901824,-0.390306087528804,0.347910753348639,0.367862868541704,0.58030864543416,1.23873664468121,-0.622532376333711,-0.56729223585254,-0.441090919914734,0.845909018002934,0.148363629274698,-0.597487218334422,-0.407283769328633,-2.43490071859201,1.81382280909581,1.99279056390775,-1.97645411412548,1.14562641042857,-0.440192494048334,-0.0785231853078626,-0.952125065558251,1.3428955599949,-2.26266384023127
0.00500390415586582,0.47079348137174,1.6171691810359,-0.605376635085672,-0.193837170352575,-1.59370387643326,1.65167731394716,-1.09238007256923,1.49615825749393,2.94373124677876,0.982846688324755,0.887443639353953,0.784729901153575,1.35498460018517,0.00500107032457725,0.863328597763357,0.729199649490832,-2.63103654922584,-1.00365408300222,-0.600016791074837,0.0375028866137723,0.050971338124012,2.5363048305987,-3.6019982053525,-1.98791906423977,-0.443676084792385,-0.643827228665411,0.645142415402919,-3.61068542859608,-0.805075932059556
-1.09453211780011,2.01458117725114,-1.26059607334289,-0.153989962772346,1.62016449445723,-1.66465924564871,-1.14267440393878,1.57183133766189,-0.430579528561639,1.95397692568983,1.10567109053047,0.9867823883758,2.56704406637938,-0.853848195058746,-0.493310690921087,-1.13357622831929,0.44864888729643,1.56776510894365,1.29091412340919,-1.20440780256539,-0.861046258560981,-0.422885120008754,0.29977188259861,0.781874969160226,0.756086858123886,-0.0905799167312943,-2.01675771398871,0.526951821143361,2.03173861637537,0.998834247839531
0.217048635783403,-1.61276154477817,1.08244379130582,-0.725778585856775,-1.37939702362139,1.44957716802622,0.598437410222494,0.170334498051536,1.12764886141047,-0.473116497166409,-1.15951548463096,-1.50795354322708,-2.21107195220228,-1.18322725352282,-0.13637775806791,0.871251600659956,-0.109503381643501,0.244763865995185,-1.59884297349557,0.822881204921523,2.30587616540561,-1.44555716909464,0.989145555853046,0.421289737326232,0.344689350822237,-0.574973729378448,1.78228494695513,0.661085636567794,-0.531536190278787,0.722945488675209
1.15703571376005,-1.21898931178661,2.7080993165332,-1.31799020512894,-1.26526322679081,-0.228967402284213,0.560995809988892,0.397606393109535,-0.332951234555227,0.191620759997434,-1.15325405651225,-1.97357038311804,-2.96071175597639,0.329157441183882,-0.664148583345479,0.736439921550582,0.472444973277217,-0.93435218240999,-2.07186975941691,-0.627932692595909,0.694609917571208,-1.03427259061359,-2.22196005658943,0.224192884042636,1.09770172910779,-0.191268605728301,1.97083017105776,-0.953337317159101,-2.95798036331905,0.123513344839543
-0.633407818475515,0.280307035420451,-0.959673366135282,0.203417606247128,0.901943243197575,0.224078981609864,0.697362911513399,-1.16243987910935,0.656452186200747,-0.169230086089054,-0.742958238233058,-1.62043598071566,0.863909309076065,-0.324639277296147,1.40773178228992,-0.336496521913973,1.52607177737097,0.319616768187566,1.14815279717539,-0.432873923809786,-1.07139510988162,-0.892436628366159,0.577455728435558,1.08021019976581,2.04940219604675,0.656898410074159,-1.60748877196713,-2.16548146065039,1.11608952733101,-1.16018913342431
-1.24991569699406,-0.946700246010049,-1.64417388629999,-0.141465450303509,-1.78943045509277,0.331993388193559,-1.51371536015458,-0.666257458128986,-0.949632719642926,0.216912110430452,0.108317914865248,0.560612976161422,2.30115008197101,-1.39881293874749,-0.152705139795585,-1.63980257357572,-0.189301086129475,-0.471451803929368,0.274639928586169,-1.17992219579766,3.27720310285928,-1.13751241075162,-0.491568568242526,0.124553452922028,0.832759245688636,-0.25843702920503,-1.85863771956472,0.407707447904084,1.19220377758627,-3.36570348084368
1.04761540588388,1.6609846821463,-0.625585399358426,-0.93509448286371,0.942291249060319,0.777302923780984,0.0148928910608004,-0.721630258615539,-0.0239145645160285,0.214241539637654,-1.20415255385996,-0.821948413456639,0.401201302387354,-0.557888282717159,-0.494219407739553,-2.525085191468,-0.296344787641367,1.33772927774877,1.32584852915431,-1.13709851931768,-0.715546060310856,-3.53324678926256,-0.71706956103709,1.57129629934611,-0.300247858948216,-0.430324842644856,0.823723223508918,0.399600611980769,2.04903296324832,2.82955677540137
0.411647957745597,0.357099805071007,-0.993354090821188,-0.0966273908569972,0.391816502609905,-1.43826523323747,0.871116111857738,-0.638392813459842,-0.721157008906769,1.09922116797332,0.922799824312938,0.569390238383898,2.20044868949851,0.177500334380183,0.760107813393334,-0.515024155161017,0.774397140519896,-1.53108262192501,-0.0598207737857727,1.1914842809466,-0.892862085455168,-1.54834648874558,-0.00090120536263337,-1.70074928390093,0.480591107445908,0.656318388636046,-0.900773521908249,0.870240016896218,0.88269396706521,-1.4278156403557
-0.0813405568034122,1.15513736933528,-1.82094112288366,3.23190885261263,-0.634796334553908,1.12505254683083,0.520807387842452,1.54341832019189,0.114550958041582,0.192404121017356,-1.0080135661596,-0.368413244924732,2.4199415108261,-1.27419555453692,1.20145769053048,0.640648653817598,-1.20840148100818,-1.04476703616699,0.322696662246694,0.687519073366804,2.44328964044602,0.0765979254847141,-1.74168090099173,2.7789289455047,0.00749940498817402,0.0139269731303065,-1.53558129899333,-0.665962832555318,2.41972782944126,-1.42305498173526
-0.109809161084642,-1.00893219110315,2.25918704088707,-0.76687475302353,-1.7616506760093,1.03082451465539,1.87574863285702,-1.21602938348649,-0.256562985518573,-0.963952424230243,0.815752434783391,0.0104628274567503,-2.05134437171544,0.774376461819754,-1.24453813062098,0.338508204786097,-1.04675962110941,-0.44027532720097,-3.06576554730846,0.30795632570088,2.25379637087497,-0.482873284671939,-0.970692885267725,-0.00843721921773225,0.212946299933693,0.178939112871344,3.06579423918469,1.68194161592782,-3.46516721665052,-0.723055466227404
-0.0922152616598174,0.748324092106883,0.673954113946276,0.867903887266205,1.98354959946372,2.24420149835327,-1.19296065018121,1.05110927801744,0.979711035392415,-0.0664626056837723,0.131782831008452,-0.727473581370278,-0.0084696692240422,-0.991905889804526,-0.572628743800306,-0.166519895338473,0.684173445137799,1.27050679414531,0.481845742797462,-0.387714233102381,-0.583573263493053,-1.08173132656905,-1.6165243011701,-0.185158212942636,0.625918620711924,-1.56096102483133,-1.71053904986801,1.09016728561991,0.697894147673539,2.48363171400047
-0.418534978230451,-2.36153492338488,-1.00034473159373,0.178839923930874,-1.66725802766322,0.559923051317389,-3.38873807195132,0.696447856197881,-0.46957463182251,0.181130033190094,-0.307161028188472,0.319111687095395,-0.0103862126384899,-1.22598035816968,-0.424270821184018,-0.909581739148419,-1.59945621064461,-0.118102852834062,0.107727086405202,-2.64187053648769,0.217625680172251,-0.738543483573082,-0.366347400741669,1.50005069286556,0.541172609462186,-0.734209792526263,1.75221957652995,1.37231960458624,2.09802360219985,1.05925965873552
0.59847312096128,-0.318599151704823,0.315239790721,-0.74310100988118,0.396853529683669,1.49259598018414,-1.20780556249458,-1.04371719397291,-0.311773537571219,-2.14678170381661,-0.0104676001700411,-0.595443821210424,-1.49505138458544,0.604104343663169,-1.51849464101843,2.18368474056547,-1.5235032305405,-0.195114382872229,0.137961768323548,0.585057833886305,2.03928333112574,1.85380337806166,-0.511013413668106,0.724245779415738,-0.972173974716856,-0.379236123888493,-0.460580843447658,0.300175959526263,-1.38201208536374,-0.51284882927008
-0.21151957624639,-0.990259423729923,1.33016509472072,-1.34211074475839,0.276471262071605,-0.529748748758779,-0.354984074961834,0.719272272514253,0.750819331480512,2.8357577490536,-0.768245847827924,0.377144197680794,1.17527994235387,-0.442708841836399,-0.311051720747003,-0.795322190607629,-0.989338457356345,-0.768538564376559,-1.33254401876171,0.474883467930437,-3.18977754184956,-1.41126164075574,-0.0697699498101219,-2.59715776529034,1.31920265566591,0.153015954373073,0.545643717856385,-1.74567446741244,-0.98219022104341,1.54114771491702
1.76827775813016,0.250083285506612,1.24878103726785,-0.69469279280312,0.053631936156829,0.936928576816772,-0.867115897427558,-0.977634853771829,-0.807762982726865,-0.494713018237389,1.10268384006944,-0.2206776645842,-1.03312100809271,1.71315982152725,2.09117415139154,1.3797714828571,0.945720927093826,0.321179351628638,-2.19780930434053,1.48378684862011,-0.341323524851281,-1.99360814141056,0.487215450363265,-2.28161104445365,2.4757161597663,1.38773853009436,-0.320487162698655,1.34865445082924,-2.48139220083775,-0.680903547977296
-1.51855411714062,1.07721050846528,0.890967373144852,-0.759358432216311,-0.321822169685934,0.951390904601082,0.487297656319895,-0.911526528193581,1.25579489247104,-1.00640024056205,0.35131177325457,0.768995132098901,-3.65308517929033,1.56433022428204,-0.353432577593054,1.00555168504919,-3.4211113764136,0.0230833477764454,-0.0497032573277631,0.376331618045911,-0.778747920936786,2.77961122641058,-0.0719494620520787,-0.264358537457612,-0.873421812118925,-0.785915744507891,3.04742277079664,0.363157083853768,-0.206603609153885,0.808156550745047
-0.368298187437649,0.66916788272279,0.340935740996506,-0.569534671352866,0.354598467689676,0.435793251118491,-2.09077578153376,-0.585144745584601,0.220814481038414,-0.351748659676326,-0.265513056754442,0.310462527682924,-1.21279553765912,1.03038885837442,-0.0139622645742238,0.597797146992533,0.857723732294454,0.839761942275401,-0.270569659908714,2.28516921250961,0.132678185223958,2.4455868350892,-2.1224630110623,0.791676381340139,0.854295820479785,-0.586737086445617,0.711556888592714,0.0364084421559443,-0.947075416792664,-0.0882817613683885
0.233893597167983,1.0318779140938,1.23331764991275,-0.193545539458182,-1.17931336155146,-1.68546359847518,-0.173149622940238,-0.425205522956119,-1.31964247192958,2.50449409895214,0.0503676250355854,-2.10054658994931,-0.247688177194823,0.241330544420863,-0.420859144805967,-1.29932182894294,0.677179492948263,-0.57544046620649,-0.860292143948459,1.30283511345108,3.54280486771878,-1.32839613978545,0.842820987591133,-2.41730842640255,0.270398836427651,-0.953914344543725,1.1557189084181,1.0899143231759,-1.1893644296612,0.842583573568175
-0.508034144290336,0.27793929847783,1.42933072571885,0.767959460454145,0.610647643088941,-0.410134954545875,-0.193231977288398,-0.537968558030354,-1.24302438541919,1.88219761137884,-0.830303407124649,0.952297095621038,-0.241067297108494,0.533784823535197,0.937522731968868,-0.219692144551073,-0.915243271330414,0.411920445610465,-1.11872420237574,-0.178497183771013,-2.71899822916474,-0.748606074818199,0.0832762895431882,-0.471109242486863,-0.45964110052606,0.967713958363191,1.68217225544379,0.448535437936393,-0.902043351669215,0.877206718177271
-0.670423211078592,0.275839171073675,-1.8935411334569,-0.389765438982523,1.67765187305577,-1.71740557023268,-0.885357716843517,0.298887258823728,0.397138489782803,1.86980713333883,-0.45554519515473,0.366846784442933,2.31773248205497,-0.184761807427067,-0.603273939877341,-0.603537026029879,-0.7531995191826,0.539775683995566,1.43484699653761,0.278227530063144,-1.81538066144192,-0.183597154019949,1.59554819301815,1.18837432298458,-0.645824586572447,0.4785835630066,-2.73883245822398,0.256550287777441,1.97642296920869,-1.09110431680895
0.620661421729359,0.0581220741774212,-0.973425304205523,0.363349932076324,1.19313188259213,-2.47969841887984,-0.895898950808045,0.81934234075855,0.474432517340597,1.98483047612938,0.21160309826148,-0.183069587349586,0.823472481942432,-0.899168609630748,0.32941437084444,-0.786238378107057,1.27319148654044,0.673577142461546,0.217218555626305,-0.285995857686743,-0.177291456786289,-2.0351133302678,1.71090319007298,0.85257138356695,-0.916373910793935,-1.78143832354934,0.430815175858629,0.592615498753589,0.930571344289969,2.43587692108175
-0.565250593152868,0.562954812957226,-0.364673653066927,-0.0180379717771117,-1.7194318012687,-0.517484613434787,-0.302163971705998,0.801118043413312,0.193065062184284,1.21663292475999,-0.0198572943974225,0.466468074408334,1.15664841839023,0.429836238332571,-0.0401379917438391,-0.329562788924615,1.35819043241238,-0.502576153639791,-0.820102609586413,0.569600959834692,2.02690350162524,0.434800396867481,-0.610330349915121,0.267140938878626,1.57829198589523,-1.00183434666158,-3.15539253369047,1.48048656747725,-0.509996972533311,-5.17723921616165
-0.640309658535763,0.477922510456145,-1.5802473077033,-0.96712696247702,-0.984381216752754,0.34085745593868,-1.0735132910304,-0.0339877691850172,1.31538195148326,-2.03776961848553,0.159348157597499,-0.077389292440822,0.357181831271677,-1.85846301877484,0.129254896912542,-0.0846614172424141,0.532998952679984,1.62847325659167,1.15856913853222,0.169964899416238,-1.95664359469288,0.971194765352035,-1.56780807918013,-0.367194024767715,-2.03752649766564,-0.232952722665124,-1.1281854126227,-0.844699566972496,3.93972179337683,-1.60119023280173
-0.170484000450723,0.552081547844677,1.01267351305694,1.81242870404842,0.68811519997259,-0.709684485011841,-0.42660788782697,0.653530693737756,-0.805911392285729,-1.14812972289093,-0.97223107300502,0.271023545024628,-1.38200051684898,1.49445895126148,0.111794721691201,2.4920032917755,0.790302622960149,1.87106371216343,-0.288521709558252,-0.82557690634349,-0.0737907199994715,0.836369285735352,0.671257402454833,-1.51004965544464,0.0108275790099578,0.934081107726344,1.41364846034158,2.24671116295762,-0.698776761764103,1.44380488619133
-0.506990851788623,-0.988147907376319,-0.753944318902467,0.913521245517439,0.888748917233649,-3.28193631741362,-0.0851625181528873,-0.0728987999832556,0.875404427091071,1.63700787243707,-0.299173431989331,-0.212395726269007,2.20666004424962,-1.21518464058604,-0.0625505927026412,-0.117386512831073,-0.330835092156423,-0.373415198209641,0.360722628683087,0.148628953752204,-0.607531938336164,-1.1872280898416,2.6602742374652,-0.844486788485523,-1.1282859564995,-0.564574842042667,-2.32503166604651,-0.48424914565172,2.19145572225031,1.02665074235274
0.509560355044963,0.546047601083635,2.01328721486014,-0.423410239532898,0.501176876667294,1.97465513292415,-0.874637414152053,-1.06832197642259,1.37766068610188,-0.841344005325034,-0.525343994559428,-0.308596782803915,-1.45584430237595,1.36437718112357,-0.00438882750436056,0.054633639650854,-0.493087475817238,0.769684411177561,-1.49147262238844,0.255300961212301,-2.72041083599347,-0.788237091817379,-3.32370229175103,-1.70391477888194,-1.02704074485652,-2.34013897256739,3.03310207451196,0.516039439606625,-1.39796875015123,-0.646723571353887
0.310228639628792,0.545070371359702,-1.94738789609169,-0.410984534596379,0.480772129407245,0.80695478232448,1.84642683795215,0.526536230232143,-1.12648336135936,0.630825100183386,-0.0578476312775768,-0.779814221635781,2.60677769783829,-0.308049864983538,0.590452522591739,-0.355648000848712,-2.01198557667803,-0.267152281601836,1.79109492869213,-1.45294143598106,-1.69962528656329,-0.942728636966179,-1.64747197036818,1.63101854130722,-0.572244612058,1.32586686344271,-1.29238724898152,-1.88348891567839,2.33226894074594,-1.35738932447284
-0.0307955046802749,-0.65516993800555,-1.99714783346562,-1.53927505077018,-0.656655098377314,1.16854254586875,-0.560357616086179,-0.191814158386427,0.652390963635825,-0.51625864970785,-0.0499889672417174,0.208728238903492,-0.272933720064247,-1.7649523321671,-1.72276896210613,-1.08749153043331,-1.12873565285203,1.2140566565671,1.07610710507678,0.329991025071233,2.4650598294798,0.406905438865321,-0.207767144559002,-0.780754522409439,0.775760122172681,-2.09824391117687,1.05493827395556,0.625117913830375,2.26065943732765,-0.506422685947563
-0.421221361632085,-0.346108521506276,-0.435375818726706,-0.272320292179078,0.770666679873939,-0.998082322570706,1.62143697619964,-0.262905899798555,1.21233128126345,-0.105463476738832,-0.647776182421097,-0.00352246822566622,0.267651712887619,0.746083412330557,0.737295144641151,1.45025262039643,-0.166780623977038,1.51184939151317,0.799117904498057,0.210329987790788,1.08408552940932,1.055772746717,2.76295973352628,-2.19833804762451,1.00946519129724,1.04845085655036,-0.867734885214282,-1.07872095163876,3.50778994838968,0.247306320482803
0.132114205509185,0.41777709159937,-1.23913606427801,0.416191208015796,-1.37063745497025,2.94452851066741,-0.0317910331609485,-2.49083882629964,-1.1975844196968,-2.42273944414878,0.0299350836231075,-0.00872699543941952,-1.47408758558117,-0.594841007336621,-0.0335415073569794,-1.23893877446992,-1.10210802901669,-0.498054028628619,0.609679707996518,1.03290882070642,0.571625229123167,0.07261503888262,-3.88062088501204,2.28936835468874,1.24689825627477,1.14833403455619,1.81781701954689,0.273247572830885,1.04997899528494,0.0826512526592613
-0.164682459656765,0.27089561030772,-1.15352629064288,0.751623445525318,1.09552585769343,-0.968422268516955,-0.686555547208727,-1.43668445304951,0.0682933836494326,0.115565027850916,0.890373475845779,0.181059802469242,1.07419194861461,0.0297056598163892,0.962580711183332,0.464882902394716,-0.468302399811764,-0.0169994555643656,1.07589326858605,0.534791874653987,-0.0221059408740869,2.92012088543329,2.62006364023249,0.791870891746968,-0.246284689727557,1.65512477661573,-1.42475429333732,0.298602797422632,1.64060380610497,-3.31068319449023
0.400625601142519,0.102385081213724,1.18552492650488,-1.30181559335892,0.336945902585922,-0.825417779867387,-2.413326807724,3.12359690232034,-0.753481932732818,2.17974801594191,-0.253292041114211,-1.64264062638697,0.129800868429844,1.29482841333667,-0.172691517670025,1.82928169164896,-1.09177305695115,0.931060223258977,-1.51723681663531,-1.06745424885273,-0.722589855858554,-0.0117657280754096,-0.657270974850527,-1.96034001928198,1.80694213928162,0.0935065527213962,0.532080188886017,-0.0210092029756901,-1.61537209159343,2.55471406333812
0.3003711044202,0.727611288704232,-0.505302364466607,1.11765375238024,0.703173944975726,-0.500270546674205,-0.0405450778631267,1.18454839538925,-1.05763789972487,0.786424547903781,0.903313647259431,-0.517393501609481,1.07303342710656,-0.620176566262191,-0.897215532746955,-0.798146482025878,0.875594751526201,-1.06635982412779,1.18297570831338,-0.312557029698842,-1.27717902571889,0.210369844105231,1.15512380110564,1.02397393402167,-0.523637686696825,0.868707517444873,0.839278621881046,0.75643913263641,0.564263228478024,2.78172187584237
0.190289949637354,-0.425944065271499,-1.00121618171254,1.78403156028918,1.63078476461647,2.01266804367574,0.0588054173940907,0.296917424220252,-0.328645882617197,-1.79981748310274,0.0774179452266152,-0.157205568086358,-0.834375140779112,-0.962144341592546,0.321921146147071,-0.662263058557557,1.20840110222352,0.69912236950654,0.606957893807899,-0.721660971279562,-1.12179434504084,-0.451665093026278,-0.698546187513933,1.11851508745194,-1.62458147618242,0.824311296946318,-1.07486171622351,-1.78587737375291,1.76809090503965,0.93774818483877
-1.02335823008807,0.15199832787048,0.0834553772679326,0.723987728075043,2.74548515359428,-1.45127813512126,1.86349753665334,-0.275708625326929,-0.217183824686668,0.367446416397903,-1.16981195656531,0.47077340490913,-0.693978965927085,-0.128302938836293,-0.0385582994627468,-0.4615351965436,-0.965646079870879,0.0675883177428629,0.660238773749665,1.53892081358078,0.58880759989881,1.34566877554238,1.11712363334616,-1.70990817910129,0.628350598410376,0.211676853875262,-0.0992018516581173,-0.393488176414886,-0.874975826484338,1.06920730514171
0.392376740776613,0.922437396580646,1.52341155960931,-0.540398611468239,1.96916989761176,-0.901079228122294,1.46281469410055,0.335316329706508,-0.217360366411817,0.00580873023592249,-0.185852063926566,-1.2866649947221,0.149581276600313,2.06905248845749,0.875811485422946,2.74868346678801,0.0728436107875535,2.35360209590963,-1.31765691395313,0.755067590303783,0.105346493643177,1.02421960383853,1.98731022533693,-0.853125704259862,0.0841527948660965,2.02187431284701,0.291668786997351,-0.462751463957238,-3.53971322154199,2.99143684564573
1.24389584892813,0.119610557048448,0.0597871149123737,-0.0961089102366046,0.00480962638639977,-0.129297042913421,-0.547733052805516,-0.535580422092138,0.484976389278706,1.13283297256019,0.335314238922023,-0.863441120991654,1.12963734991838,-0.918919734991922,0.524803463834215,-0.167592481995414,-0.236256734384058,0.0306199928341118,-0.634069108806243,2.91151697527522,0.675386879163481,-3.06956369700154,0.124952843650897,0.408442092846648,0.470638073149508,-0.367844991711963,0.0974769746317542,0.229669492413236,-0.786149109263039,0.847679538135518
0.215509314780055,-0.606757881285132,0.0514771958946613,-1.00222548031555,1.58253801146067,-2.28684006638213,0.860802542136202,-0.686720753646417,-0.198941771013369,0.283222714957231,-1.69193402754327,-2.38034918574744,1.00313404992892,0.798884070161612,-0.934947977248643,-0.0753298640088514,0.282163787140302,1.89117817801669,0.647829767865357,1.15508233006506,-1.84425765965076,0.550087542424762,-1.53929192401526,-2.12711932994958,-1.14212837633722,-0.588387476103668,-0.93351667077443,1.20090847030456,-1.44146866482642,-0.213006290499003
-1.67743049476086,-0.55022219608713,0.934063552133705,-0.86782686439159,0.866113573079223,-0.236777267930315,-0.841218589340823,-2.25551470966024,0.16475131800883,-0.284004801552968,0.248910695906862,0.760658070957354,-0.482389446441851,0.413791365949334,0.995453075317869,-0.433057386012497,-0.550893132256229,0.682242803463926,-0.74324035828385,-0.543802016985623,-1.34355461674694,2.49169298737483,0.708147301379342,-1.67515758389202,1.25719928054104,0.342889548888108,-1.43563530268778,-1.88931910244226,-0.508125189535631,-1.84466174765219
0.358130692565557,1.7427315737381,2.03397039493475,0.140709482383462,-2.03386359605279,2.00467023208493,-0.699938412102209,-1.54694723035863,0.321709261728767,-1.94473599961367,0.0171602455654621,0.0809943466373215,-3.04351377469122,1.11916303142513,1.41286124342051,1.20124262106241,1.60769606751425,-1.34803247924727,-0.420062633423108,-1.03858804898211,2.364037168518,0.764536205395107,-3.30921309941395,0.61045843058611,-0.102337703530243,0.428847873643523,3.14930623589121,-0.913255541087309,-1.6084785221892,0.810855381937537
0.389735318587542,-1.17190619509061,-1.18597109626759,0.296252187860613,-0.184697900247179,0.690998225554438,-1.24216788133291,-0.620366440494195,-0.528217734157524,-1.15657652025767,0.0899338544677804,-1.09599300486629,-0.282928106266703,-1.66461261328615,-0.721273034314794,-0.27824179446205,-1.6441540176839,1.738112738728,0.153858647677692,-0.520693288369049,-0.81805469380326,-1.09563449034325,0.25854904689231,1.54507019097578,0.125542343053587,-0.810022950936713,0.222911566484185,0.247343377928112,1.04229459557691,-0.998638161948225
-0.22473638358581,0.598579803016295,-0.25492023102575,0.0601042083806554,0.908126272216544,0.188196374945559,1.52028012022127,1.22236457871491,-0.067329107088484,0.616659410766772,0.131715004871333,0.710517944110621,0.869604347879224,-1.23973245077476,0.272642423768015,-1.72050349123969,-1.20629046465119,1.85682389804639,-0.310264529180025,0.548212821961307,0.241922103531662,-1.85818767847718,-0.350376334323033,0.357275725084418,-1.90245481790127,-0.0797935368511678,-0.862305445923867,0.680425388780062,-1.45391940448489,-1.17525299908512
-0.43862494578805,0.346924997083025,1.11944074040846,0.798169541977033,1.19716515074674,-0.142955059078996,-0.821006686503086,1.03157910530539,-1.17547548067049,0.490433614200317,1.02355585152485,-0.0656544581611944,-1.58053434806691,0.817442228470176,0.027713836352821,0.62599495897539,0.379731540928154,-0.617170092194908,-0.532929700096018,0.849670961995925,-1.93794553554617,1.22151264523768,3.08100724244467,-1.93513589096064,0.799245745908179,1.81545613158629,1.11993429894098,-0.92957835166634,-2.28212753780288,0.000917237690082338
-0.321745053519046,-3.6214517029971,-1.32225112506369,1.06064558008506,-1.3704269164695,-0.00628191644754313,-1.34898486615792,-0.377719976901877,-0.232901811026676,-0.500413903195857,-0.378920800707138,0.028118850602644,0.402232482720827,-0.109773369631534,-1.30878018224912,-0.807631966303181,-0.701530112479372,-1.33296508594086,1.33333244025032,0.586362670421791,2.72022226471952,-1.29267961324542,-0.960396305737364,1.13829104196582,1.501141244103,-1.10609511489828,-0.212450909642426,-0.750874467094959,1.11973089459357,-2.28212750949204
-0.0430849453191489,1.01175685863892,0.169967731206046,1.06380256169317,-0.687311829223077,0.660527147979854,0.296383264577859,0.508203416134989,0.287492641344977,-1.9445291494138,0.805290669815767,0.232226137874273,-2.31551806081789,0.270607462503657,-0.846453498767302,0.0462458245138375,1.17407119336351,1.96485525280437,0.831436964783687,0.0176861691308038,0.0330090336242602,0.317085857968645,-1.51913557847695,-0.313749548505265,-0.926185930732286,-1.24137537771926,1.40054224535195,-0.0964783333181362,0.236829892232768,1.23050346409253
-0.213392807328201,-1.28503018660131,-1.07655150589169,-0.580942723552004,-2.78875891992674,-2.40171186501893,-0.467535721590284,-0.405693941016656,0.188210899470908,2.12810109745308,0.239213834715016,0.678268942199846,1.58913592741024,0.156517013620192,0.102718243732222,-0.246059878586767,0.0419003243193293,-1.49205058234908,0.400284206628649,0.699232215823074,1.81695361388194,0.593323899209196,3.98840949385516,-1.37002205391498,1.78228230635014,-0.127871938871143,-3.39240039352892,-2.09162538451062,0.533665554905833,-4.14723907855577
0.659917336737283,0.818506489354741,0.897730902148629,-1.04199409716825,1.36106015249435,2.43761856187314,-0.959371535561202,-0.434076962052157,0.662830660496103,-2.78666708400675,-0.532922458994096,-1.82491926279747,-1.91330951123127,0.570511582212049,-0.363749607529813,-0.318491287361453,-0.768607382274117,0.39111332539601,0.349123965670219,-0.161985451123335,1.70935055961265,-0.754982669468495,-2.08743309093268,1.39883154549473,1.02059098521305,-0.705887507165554,1.88732380079054,0.00674712126117305,-1.04234678071354,1.20862089648602
-1.56485773896145,0.45977599791562,2.3328749215582,0.818759203468711,-1.58645623287921,-1.7361341599388,1.42281244234254,-0.189779365766426,0.275766789959942,2.84904180045834,-0.515905287351302,1.38211880920278,-0.885785443944739,0.533215251522367,-1.37721164200057,0.292346160886355,0.595517112215186,0.584020630179463,-0.811539431169883,0.30848319716331,0.159778425940005,2.46292042250905,2.90022652010535,-1.95054458464416,0.794733696693998,-0.42484070395663,0.537177395673736,-0.697560598621714,-1.01627379668286,-2.24924171790494
0.385322116502975,0.849898276095093,-0.662320715016656,-1.14181865572364,-0.0551306074738509,-1.09686961873719,0.0979848682026432,-0.796999615023371,0.768089018144981,1.10011071979009,0.394169895742802,0.0693439139527822,0.617646081189342,0.295098065396025,-0.751564616366652,0.0898515469439479,0.668072025692354,-1.03796126415808,1.26781543995448,-0.386375873104738,-0.820608166892654,-1.50159466301293,1.08907577367397,-0.870114279098052,-1.53112031149105,0.648127099849458,1.21382108673195,-0.341131430102869,1.08310570942728,0.696820036736359
1.80622578677927,-0.878770513661466,-1.03216150690475,-0.162943807350797,-0.434123386932566,0.595343796198042,-1.43827518122109,0.978279610398459,-1.11424221780633,-0.352169280684105,0.146590804929015,-1.58381602571073,0.149512886815039,-0.0020354455463928,-0.928944949668659,1.01494235984682,-1.42342902651204,-0.585667379938998,0.26659536104069,0.591458866783096,-1.86841460963137,0.518099370914119,-2.6562503145694,1.76400705607847,2.21367851333179,-0.361747418916516,-0.230965687588232,-0.46297570080976,-0.0689688495056987,-1.34315833333956
-0.140839888945348,0.857062395469228,0.0694353257635423,0.102525574527417,-0.684804090302881,0.136007662012862,0.131259391826867,-0.453734613684938,0.530701466883948,-1.24052582221134,-0.49323044050711,-0.0410374661017179,-1.27923605674025,0.548157746083877,-0.66424514982578,-0.667137066639378,1.5830175441393,-0.583003032622365,0.632729780868562,-2.13275613250864,-1.08954435093016,-0.270226780009363,0.475537765913285,-0.541593682806504,-2.09933472124801,-0.886994825720188,1.2096513468686,0.093447887183848,0.742619623801327,-0.11397392751503
-0.717715703725107,0.905314826762748,1.34520663450432,0.654912444130839,-0.235743554885757,-0.986132161506706,-0.755831897131243,-0.00912422074225308,-0.866181974993236,0.698111893900021,0.456759955097673,0.678519556365342,-1.31622156116593,0.792103614525964,0.468245138335513,0.241730536900245,0.0802076848492045,-1.52928049088117,-0.940702597706268,1.04846640733461,-2.20305828552374,2.69759758586374,0.110226191146957,-3.87069502296891,-0.410294168920327,0.733882390023876,1.29001739376546,0.31921448681199,-4.04643019862677,-0.697798292853954
-1.41117778033624,-1.49027650724606,3.14606153622776,-0.450908320508303,-0.571225374591008,-2.25762434934789,-1.38552362833324,-1.1708543125254,1.44141731054509,2.84547078539513,-0.695149135398077,0.318241715141247,-0.820919786504157,2.54607809192932,0.0956211093694433,1.84284055102688,-1.12514133902964,0.31661716871275,-1.90435410063763,-0.0477254965301815,0.525727250231204,2.00293771388998,1.97952917876181,-0.00719513041861076,2.07092872130552,-0.753400306743551,0.20508783056411,0.564845964161871,-2.46083749019852,-0.957798884219424
0.139646176751828,-1.22750903540151,0.083084007059346,0.0659740464155474,-1.7805044896926,1.05401761063894,-0.179294474776757,0.489676749636434,-0.609663913089092,-0.919971162942082,0.114233285507671,0.166466703026287,0.0610361364962254,0.00391431691315697,-0.0683777103299136,-0.777565101013947,0.102252505004348,-3.14898192604857,0.559946796836578,0.642716137884723,0.0898137694018898,-1.35385897953369,-1.67233578431972,-1.8518896377882,0.279208033836113,0.853281358007297,1.24380945256766,1.75850282154188,0.144925852073564,1.62321342487569
-0.179788986220776,0.840273599379344,1.51887720230304,0.0965129892360249,-0.963832852940142,1.67746753015509,0.573496463009087,1.04797101267078,1.02185939211636,-0.758009571138705,1.8152247989214,0.580235443866348,-2.99697568986499,-0.57031302518827,1.24464501391029,0.660958247767439,0.32464429673949,-1.01627245042466,-0.544379293490525,-1.27851347561914,0.0728136073042795,0.814281912439274,-0.245885881380147,-0.252547624822166,1.24005418280915,-0.0418722795736093,1.18209488289025,1.59118081495553,-1.82081266152527,0.750283792812931
-0.561111661777938,1.03205234128867,0.765287214088424,1.85607425477351,-1.99301441390104,1.72574467531345,1.71100017976222,0.741873531481453,0.561951287580532,-1.17256665459431,-0.596861454977564,0.226899691208693,-1.48933108622234,-0.410415882602655,-0.426917394758209,-0.341901389262423,1.07628471460603,0.308044996523451,-0.386429457671078,-0.342528649557302,0.812454707354245,1.81893624893761,-2.71629625257321,0.932730658686707,-2.402307367807,-1.48781065431328,-1.33077472699666,-0.133060928919483,-0.976250475991891,-2.39498565271924
1.39812451503532,-0.837600248035393,0.697764908424303,-0.390961720925416,0.0707305404027841,1.10713824300995,1.20625273945397,0.767176811426184,-1.94455343734175,-2.14128514440348,1.03364078961039,-0.0685457239897469,-1.23157291997028,0.778245353409342,0.0461959977552238,0.873732251056263,0.0227363044883383,0.0880160602905046,-0.630386525539147,1.24040961934592,-0.159598472565333,-0.0562055509421573,0.416231615923106,0.999249144117033,0.320502206540177,1.20581423422292,1.14042376794915,-2.80388966980317,-2.24524199784451,-1.18852934232581
1.17051893003416,0.449750244875055,-0.809597822727069,-1.66232785170734,-1.7674329441182,-0.399658331397713,1.81530062853921,0.0207667235455995,-0.0595241363804284,1.82500454627439,0.0749535775310647,-0.45861112777725,2.38450383787471,-1.63370460129307,0.35916426113391,-2.66295540037513,0.121961737339583,-1.37072574042178,0.815356189181167,0.489357809964336,1.07059538455513,-4.10707499438857,1.32936349490377,0.657110684285884,1.50668782202474,-0.455408143059884,-1.86468342957064,0.286812497974101,0.931743322250554,-1.88594174699069
-0.807226457842367,-1.26437533337588,-1.34012048011669,0.36349862142963,2.04371961870684,0.447485106409098,1.30638996426763,0.252284315037328,-0.126766705525318,-1.08216450464767,-0.512177698197053,-0.687872411698358,0.333080785680943,-0.916012824907741,-0.543374670379659,-0.0163303798965525,-1.77496839092632,1.21772451488354,0.429134631514107,0.613846625975804,0.0730448979767617,-0.59905084358731,-0.96888221383843,1.61994257151078,0.518305052445606,-0.658317004037023,0.110656729533839,1.54975812595045,1.94092957093803,2.91434553806675
-0.0492030778968781,0.710718989476222,0.512168666499987,-1.70401045617794,1.22578914081777,1.02348526143387,-0.910990451810945,-0.304692945616338,-0.778338566141734,0.124326207028567,-0.701593968911367,-0.797778500465021,-0.299416877266155,0.166810256966683,0.0464592294006961,-0.0604188031351796,-0.0433531257156388,1.55496594640669,-0.498987637583562,-0.664033094372094,-0.959717209940141,-0.268600360049437,-3.55890761089878,1.93973966384279,0.883404731274489,0.746781438785144,1.41096008691397,1.19214136778922,-0.474416661835118,2.75753325428018
1.00181881442527,-0.483181952579727,1.5657281326164,0.881601618954036,-2.61209669171657,0.211375136489927,-1.3286628958421,-0.646434011549774,-1.2300143123163,-0.497726046532622,0.858586451714353,-0.186170004502362,-2.05977885941445,1.84707901166604,0.411500781875666,1.18587906238096,-1.78901613776247,-1.62833686405819,-2.14938524466514,0.372315440543166,0.680654729946995,0.282590432157261,1.57111307655881,-0.342840545009193,0.648261695758988,1.10715490324406,2.6648431427429,-2.10785346305465,-2.50020054414032,-0.79128135520572
-0.0351313212159701,-0.62111049215983,-0.0896587277242732,1.26021138078336,0.125376718058775,-0.477842277772977,0.86504142119315,-0.78174863901973,-0.0368842315663362,-0.396972844921616,0.486192923451466,1.54334473488944,0.396565384899444,-0.00196936197988942,0.349791828171158,1.48747645334148,2.4981243225596,0.696268903486316,0.0348185919366824,-1.20792859714927,-2.2165245113339,1.48072732632182,1.89133628395678,-0.660159762041832,-1.56903716156226,0.446359017978886,-0.318470159122056,0.685772881594398,-1.87126998335098,-0.0817614123253865
0.012432961446077,0.0869050668873973,1.33254766601328,0.0033251678612775,-1.56661133751032,-0.903490267684264,-0.522384787518375,1.73840562614009,0.911298084929562,2.92406546770495,-0.96706651949353,-0.172252793835457,0.244004834097552,0.632136033149984,-0.141720773170414,0.238435369677238,0.788993630948016,-0.150150418576858,-2.07543754836648,1.35488946618533,1.63360787867201,1.41611570518428,-0.732916514147743,0.225517805975937,0.494442440714708,-0.74807291296959,-0.743083239748763,-0.560196884871821,-3.75358314154771,-2.69726041636037
0.874028879547369,-0.882417419217248,-0.0628016958849642,1.24325100916711,0.372367800126381,-0.596473667477271,0.518053779107968,0.610862056410811,0.0762766978252505,0.390829936487268,-0.362392283466119,-0.905492454588746,0.289248075181744,0.118195309974164,0.0608228117880338,0.225750994551615,-0.924320528939696,-0.413776045008531,-0.560791576995173,-1.53322001475979,1.74377118009656,-0.989919122329528,-0.723629747902679,-1.52449003000662,-1.0502308777843,0.888319325024097,1.59115049703474,1.16598900568821,-1.00843701333271,1.5781926162301
0.119766350713735,0.159847303164617,1.02369770306806,-0.0247640306629196,-3.31426682332652,0.770969984400292,-2.50452804895173,-1.28417630769048,-0.813715544095387,0.0669676620799918,-0.0524015063247018,-0.874699332825984,-1.37157406906961,1.08802110648561,0.648164438374125,0.423657382752147,-0.36955243984716,-0.812980877631639,-1.47669862704061,0.536777810686627,3.27438747374373,0.834165123958619,0.0085688276655046,-0.523247016233977,1.08616637495436,0.639735682095285,1.51465703894963,-1.27912069132414,-0.837517739663867,-4.57552982103372
-0.777201850193267,0.808530882946316,0.177306153389083,-2.25208995500857,-0.778983295802499,-1.09400129156142,-1.2125524823308,0.510776582174082,-0.12199807474097,-0.50097333542643,-0.0685684247178291,1.12628433231723,1.16258745965546,1.11179057733654,-0.134723161095009,0.393782343932756,-0.481789179808649,-0.94871938074556,-0.969165844323339,0.246562987348647,0.47401595043648,1.63776344509088,-0.236193493002669,1.4571179204203,-0.389234096545428,0.52262897313957,-3.42886762560785,-2.19270494893924,-0.357086678895991,-1.54476649091213
0.956214287355068,-0.151991627957828,-0.67664466621011,0.0963330092199114,1.51454370723436,-2.55722757033266,-0.214110479918089,-3.11719684993022,-0.858491575142283,2.53433507885183,0.177230562946447,-0.543055408297376,2.02718356935429,-0.0259286288304102,-0.200275400023567,0.23980595843906,-0.728701004142998,0.124404402292743,-0.140094091715642,1.11349849094106,-0.165290107318624,-0.770695875418334,0.45515320438319,-1.20356087058729,2.61785148196575,0.951108278851966,-3.10523648138942,-0.294147368653464,1.14298574372464,0.0736094290844632
-0.109265279093672,-0.112848841024885,-1.02151057667486,0.270492319264899,2.02730004692542,-0.217340385462908,0.229501881714194,3.39044062377748,0.313746092822506,-0.301739400246686,0.17671010497355,0.670722804219212,1.21102270521687,-0.553325072810264,0.127643390703522,-1.38075161351614,-0.767960810592424,1.60672163566034,1.52631252232414,-1.28340745881594,0.080022616605267,-2.80376241420396,1.96591144001899,3.22864444683399,-0.7757205813804,-0.540926435701728,-1.59045104032642,-0.668736521951329,1.76259114077977,-0.0180745634600796
-0.838862132233372,0.406074482794998,-0.914054564461971,0.623899736247121,0.283146225762568,0.0495381140745681,-0.321652673405347,2.28525897247225,-0.73242496589761,-0.0389027133589792,0.0817828934125706,-0.102963126643616,1.8614421577251,-1.45535896293804,0.318705817495602,-0.058411455275251,-0.738883873365104,0.219030003290651,0.825289157790371,0.869149129725753,-0.865676958926333,-0.91202415605337,0.0625996460569167,0.776808598339594,-0.757200670791552,0.617402803367327,-2.57208603832627,0.39042105638096,3.31417452999674,0.934325312515173
-0.212178051042156,0.319521854976241,0.315108517162076,-0.13582424848416,-1.12550928471768,0.359976384846708,0.461065736735212,0.1631999251362,-0.359361495066329,0.652316692816114,1.21484735558568,0.983136503520697,0.462144390449038,0.586468751256281,0.311415977355651,0.505053946710473,-0.633400754410776,-0.971378149909605,-0.457266865913553,1.01627077045543,-0.628168605102248,-0.324373404495213,-1.64552664430788,-0.101269291686627,-2.15304277961171,0.898718918548791,-0.167272340593596,-0.135494787103778,-2.5859510677316,-1.44427698598699
1.53666599185263,0.17190404607159,1.34192850731215,-1.02198306112098,1.07496914427851,1.51304647371925,0.333227540981814,-0.689689135420016,-1.19781769604759,-2.09871419280043,0.344748333783772,-1.4376301676488,-1.95094198524175,1.45845575026399,-0.0124287937095963,0.579870535902275,1.30928265774989,1.69272802653958,-0.988402099077363,-0.330580030668279,-0.444184682841814,-0.926420901860652,0.177402992639984,0.702515907828346,0.0389292044382187,1.05966078930701,0.257999893127344,-1.31653864849704,-2.78947960130436,0.997229043317572
1.07942422217778,0.0205432144700484,0.473708791109743,1.10233805790764,2.21195772906561,-0.168120697038231,0.242732658016753,0.221947552949422,0.157452023623318,-0.177073154205095,0.741643029073655,0.437764365243682,0.588565936530809,-0.182190824426302,-0.0385071993082719,-0.0286188281677855,0.119998268620719,2.81935667163784,0.724695914055515,-0.915752833239915,-1.46311209105009,-0.601603508055331,0.743452045877412,-2.72048210062845,0.46082066460487,-0.335470889179375,-2.18648817184903,0.787001646356112,0.75993354731359,0.0276057223400709
0.932025119853545,1.3154079113243,1.30637600503721,-1.09967572763317,0.8097874576545,0.56109454432304,-0.421485323780707,-0.733635121553617,0.429606555805139,-0.690025359161308,-0.473682556036107,0.176018216822145,-0.435269038643728,1.65626944647747,0.420532986483138,0.97208486295224,-1.46285677387262,-0.0935873987758088,-1.42827602636961,-1.89769049018809,-2.73934488761409,0.965421015730966,0.486849496785162,0.945036951115328,-1.38879155392166,-0.970997654267726,-1.78619186409587,0.84288877925151,0.809417653345603,-0.850167872070285
0.151891854860758,-0.0663412186776005,0.712382066591,0.915876102674781,1.828952063239,-1.01405156924415,-0.174046852289158,-0.850499185548354,-0.797725134238053,0.375553539221649,0.849482336889153,0.436544270144438,-1.11633548642423,0.408749215552768,-0.4074861631889,1.25627065339943,0.574888152631167,1.68424446120314,0.284816747957814,0.0943588219542713,-0.955781357510274,1.69324024979221,0.543850714419192,-0.319546453499054,0.516672896893205,-0.20665678227043,0.726188744413938,-0.876671809940572,0.73166739823479,0.792092584283164
-0.33467137748553,-0.119817744062222,0.46758798732195,-0.950890066868492,-1.99696245096171,0.0809503864676097,-1.940078659427,0.0928619840631952,-0.476727521409319,-0.0609742462718127,1.63472985773963,0.73965570837022,-0.267540149748407,0.338401230011104,0.0383360818027873,1.14539773779923,-0.630703726593063,-2.60228607862549,-0.804995882360009,0.397204969867214,1.92605223221223,1.4140763284016,-2.52242187294221,0.0475205233164073,-1.17569690373031,0.587738244100712,-2.33459938388632,0.324938240266074,-2.76648219016976,-4.03162142647553
-1.49152739395856,0.0924524919731041,3.07127725739055,-0.860055532620055,0.539230947872066,-1.3079309323182,-0.216118429769705,0.123302555228412,-0.708596351066827,-0.192887206872852,-0.489553007186691,-0.392427817137495,-1.37421585666695,1.1642340507457,-0.0278527062943173,0.886738706493634,-0.104401087597286,0.0976414965668489,-2.45180925321775,0.87606193092756,-3.49079986247049,2.14300197958079,0.793308859431756,-2.37427826664016,-1.43412579972758,0.646572865059195,0.085675652321228,-0.81945599775882,-3.5323931330156,1.15497491769994
-0.745757788437381,-0.201376957478889,1.05503266202801,-1.25810019861023,2.01965921609008,0.353733364359917,-1.46746073363228,-0.200863234263975,-0.907326602834966,-1.03944658247664,0.827239443650461,1.40197763636335,-0.965582965648037,1.29186901131341,0.051600387263491,0.838976277180736,0.783026019348451,0.655066771680164,-1.24617660079444,-0.89665264368613,-4.46074049823691,0.797871298421703,-1.84951494637347,0.487470820532573,-0.695315129392306,1.00926133240657,0.740113983409977,-2.88403090179182,-1.37454709620154,0.242777099887737
0.99415367556929,0.56064680102517,1.10496181980954,-0.516703276756331,-1.74016252620568,0.295873811355259,0.686481048837381,0.517328720405594,-0.367705369106701,-0.400251718806381,-0.770920150939921,-1.0345763970836,-2.91443802597312,0.82287951634031,0.645300025578092,-0.508124035476719,-0.38522627117146,0.886207359497366,-0.727293186856957,-0.968664853120074,3.13360752285879,-2.19522636842356,-1.18447563639132,0.190810489391963,1.29791522019655,0.955592619801691,4.14590048802662,1.16760030028035,-0.97800259314503,0.209450394243021
0.491685738780361,0.814243564588593,1.21007254804699,-0.738310917665788,-0.296329305185346,-0.492527993868999,-0.635197042539825,1.23118272014842,0.0670596268931524,-0.0333762654008388,-1.33117465563829,-1.07004480726933,-0.919303632757078,0.233277968193164,1.05087022688032,0.649008917620835,-0.442616958501178,-1.33503649764051,-0.283598610490429,-0.695059834957109,0.347147512199949,1.20480021832981,0.518643742637007,-0.789762496608369,1.8047594968701,-0.270914315309267,2.86035793338679,0.489551209669895,-2.73282714755451,2.3758939560103
-0.350183983121687,-1.22430819060139,-0.548912603453637,-1.12546538250929,0.140496903085785,0.434821547933812,-0.785447063064563,1.32969418178762,0.929397562453875,-0.836176518491043,0.422787399209271,0.675071055316105,-0.419120270714243,0.185066504422778,0.216336914820811,1.02857742303682,-1.48950008868557,-0.28214485371718,0.227066016141229,2.46972728886922,-1.53455162962318,1.12010206003244,-0.905867779082037,0.544803513489511,-0.490639250159513,-1.56306476638977,-0.0322845044158863,-0.185621090075967,-1.16857694392003,-1.2245588956459
-0.145553662946,0.0457479749747768,0.53916765591731,-0.562499228463869,2.09069510586247,0.0127470301113144,0.7472579682429,-0.649962380629695,0.436742941688828,0.0584742757312461,-1.17251766932764,-0.112215128421747,0.0950284185610687,0.449421913742375,-0.372223964684426,-1.07716431556239,-0.792921894303038,0.0924376411940989,-1.02423449704757,-0.449928806024397,0.404885551147031,-0.63711147750501,0.869493564947218,0.331044697324569,1.46933128694181,0.186570066449274,0.576245515911912,-1.97185417708931,-0.75484962407293,-0.33010938841323
0.210890539745869,-0.240437425706353,-0.247837008921689,-1.02729149019369,2.00932479826517,-1.86410851071271,0.0642369030911201,0.691269949980246,-0.429521970052117,1.78024867255639,-0.485144443699123,-0.145553467514191,2.30617815152794,-1.3264043363645,0.355161915848848,-0.251193008627807,0.783296903229536,1.11370646608656,0.353055467955739,-1.1287621153106,2.73575460069134,0.269575993015148,2.76056088631404,-2.27972490717892,0.694114636778759,0.71552929194872,-2.93251913815322,1.20104369802812,0.237200517263499,-0.913611299701525
0.654834003316429,0.963710065056679,0.764929217741224,-1.14174489058967,-0.0866306312461653,-2.13445745071857,-0.560066994131897,-1.05254266308322,0.369010440210251,1.42697470269517,0.379184377918488,-0.0891464674930439,-0.521850178277256,0.594186231122176,0.066712965629585,1.79965330556209,0.47173963066465,1.75157247179707,-0.894655007366859,-0.651363858524706,-0.791518081998212,0.311555993584897,1.81201938118353,-2.58305873746555,1.56625803452812,0.249169983620893,0.915153500183852,-0.439141650563073,-0.865179194921328,1.43472141425333
0.00509814407913389,-0.390938192101341,-0.662057737310836,-0.335634577529158,-0.245015666173729,-1.63896319864089,0.499468229628527,0.0943251192688433,0.5879385487281,1.5884831022251,-0.221881153854369,-0.151558368910758,1.73986083878188,-0.0717151124641805,1.10180811350709,-1.31060351002349,0.395398656501184,0.470274401990806,0.401795245169115,-1.08665013689773,-0.193452262935157,0.636985983636279,0.242623119745602,-0.138335312941043,2.05923444766524,-0.631183938181674,-1.16008337869737,-0.332666046586615,1.4430469938321,-2.80646381580253
0.380868094220585,0.962443592647425,-1.8322449649215,0.703058768593564,-1.31318184360807,-1.19854391885056,0.226457160511426,-2.09363341609852,0.585035050606968,0.239644498628588,0.733955914607958,1.28144869444314,2.67721056987297,-0.855352263864814,-1.45251656051453,-0.546910455432174,-0.306467880232882,-1.8308394244913,0.413493994106338,-0.227975448911219,2.58714147399348,-0.235230847379734,1.6126449195388,1.32556808263808,0.014829212986283,-1.29663915347628,-1.29221496887697,1.49658449325072,1.91986371103981,-1.70444617926333
-0.552640019568082,1.76231522405082,0.069713418067232,-1.59090711008236,1.76339549287139,-2.11326148529334,-3.03129587642321,2.31385327676595,0.149951692327691,3.3199319516441,1.63853999355562,0.75001728498753,1.61993370768733,-0.228663742022852,0.45177896603655,-1.02952285215547,0.835313771864237,1.64777956148612,-0.189556157950757,2.66918032454217,-1.75207198814985,0.059393499378234,2.17793182948005,-2.7903105004138,0.59825920908015,-0.214924136427026,-2.77196595586758,-0.65071448392095,1.26245630823496,-1.17365613989867
-0.315462217204732,-0.572918192020712,0.969017929719905,0.563053792080606,2.62782732667702,-0.968114482709748,1.29831356961443,0.0736611881865527,0.891164067804339,2.35864968928319,-0.068885858402795,0.526901591991727,0.818349572675582,0.490081731464151,1.75807815431191,0.113401644359342,0.348079354325267,1.58328732845441,-1.3312446014444,0.0855088179297516,-1.39666358027178,-1.21979158352558,1.15749085453006,0.549719112894992,-0.523175764628173,0.287409474361571,-1.20005341070469,-0.992944831695839,-2.05714818734501,0.360715869223642
-0.545319556535814,0.170293664919968,-2.30783383613724,-1.05043845025833,0.271933942355615,0.285645393778738,1.14908167240779,-0.989713554273263,0.963866698414608,-1.20484182469459,-0.830764818671157,-0.703874416665618,2.1113228839932,-1.88338106422367,-0.0990282242899917,-2.28809520032187,0.836323640186584,-1.28079049965386,1.04494072310519,0.171656387476584,0.616847716885046,-1.13052339886556,-0.667726651761434,0.933306463470986,-0.634367494569108,-1.41788938756354,-1.01466574880034,0.370138868580802,4.7335425935505,1.01286304206102
0.643180560122715,0.463872466343416,-0.187474019542344,-0.429577854183373,0.789599016928225,-0.0343326895230344,1.59067973284908,-0.0225580672842656,-0.745383851787322,-0.48633341486145,0.249246900059879,-0.0401184705083178,-0.104292606511405,-0.390840076203855,-0.216357325151719,-0.466106387510246,-0.754518867085478,0.88614541415226,0.708152253472737,1.01720026048586,-1.77048087589302,-1.5611936919187,0.404893759250111,0.766866314213535,-0.162967298513102,0.581584534297752,2.00036938479221,-0.439107133010381,1.06761172598325,3.8703106703704
0.598118796433562,-1.26950853839024,1.84361908046395,0.646360044923038,0.831634893886431,1.5642888217631,-0.522929209843544,-1.97181761233093,-0.366619953587759,-1.40791996966633,0.420438551373888,0.176444434450836,-1.30131834046118,1.12868013693859,0.0321134362080703,0.510703871662564,-1.32102122981578,2.20855186527245,-1.67888579306024,-0.759683608638491,-0.429689644786956,-0.513468489656737,0.171208930453893,-0.111243712927933,0.590021328179441,0.0175350428707045,-1.4382424633256,-1.2182374431878,-1.8978075174339,-0.674748968672924
1.5415695149856,1.03010743196093,-1.05183132885841,-0.0056332376814605,-0.990885988811358,1.66577480672328,0.280370035984411,0.210793451553884,0.0816119061073789,-0.557301887917767,0.498450433357806,-1.23026424963656,1.50464654770269,-0.304778216603357,-0.531739911764845,-0.899364515945101,-1.00564539935303,-0.748805701597092,0.65933847209735,-1.50656792548809,-0.110341435413164,-1.03653996664686,-0.941253138704558,2.22608473628984,0.7405712712981,-1.30287856015642,-1.0998939400976,-0.122249053343694,1.76983815834535,-1.58444104431038
-0.624529930368324,0.963065566237102,1.55166104627637,1.13410496725618,3.59615081113415,-0.940628874299309,0.628353229160201,-1.58092643145235,-0.299369432987831,1.01625815715513,0.881393187618865,0.93864215051329,-0.780209685370883,1.959569317039,-0.864003844340775,1.76986900126131,-1.94003071760777,2.90129952416315,-1.5834182152038,-1.026515778664,-1.22808434367359,1.6123897881073,1.2661980590349,-1.22884760739766,-3.17515171200561,0.432459790229106,-0.29852914915513,0.903609594992026,-1.01565338250135,2.36122255403547
