0.111240005459595,0.389875438702903,0.0142463220988395,-0.698465732899638,0.663768710127516,-4.58472592341405
1.67166731358216,-0.579295166219221,0.201594381632575,1.17088928575166,-0.470190210629902,0.711397087652789
-0.500050844725928,-0.558853364194955,-0.32787374439738,-2.60475872696311,-4.79296122290755,-4.13221086500274
1.18222476563085,-0.123558513782451,0.0295445699562863,0.0834464164720451,0.727251846821092,0.201228658619472
0.703369453427094,1.3986430338633,-5.59819084659846,-3.00808955308332,-3.50235169051463,-2.69268710775862
-1.35571857135911,0.0829586663289758,-0.988746401138059,0.275341695116577,-1.54896702269911,-1.46251983754292
0.0618073938069146,0.971282874444352,0.338229089793442,0.0283041283404096,1.00864047751453,0.762933570752547
1.51312760892493,-1.32831226676546,-8.0091463053455,1.4194980237786,-5.15854726024196,-4.22574194663184
-0.385412394640565,0.351475701800549,-0.745671364617565,0.218469194842401,-1.82406081644254,-0.354632294314873
-1.47078408244286,-1.21171686613824,-0.0027776517306366,1.30581296841893,-0.895729498936336,-2.65309702391559
1.03491094378448,-0.399344385871392,1.70401143879843,1.65971206566964,1.30585628047373,-0.695929803321316
-0.643402754181895,-0.178036387794394,0.126620839679368,0.33602506864778,-2.3582311961282,-1.80457887013398
0.41256939234307,0.610171878086288,-1.14411708210604,-0.482244278435784,-1.44581490706639,-2.06750122149562
-1.70276066710592,-1.42268799075655,1.21322124713005,-2.23175203124818,1.24704608226963,-0.116962448997496
1.49359687861134,0.806165724238688,0.320138965974639,0.266442751029797,-2.70502076648768,-2.54138197502242
-0.0166393784984679,-0.802693479062378,-1.85566779278132,-0.954908681157455,-1.54033236224033,-2.47154553196219
-0.11559797263,-1.76565739318921,-0.093125763039877,2.13276761546208,3.57386884714501,2.33204077816644
0.120676627029875,0.323932362280497,1.01886383045374,1.02839228364309,-0.349727060960667,-0.461675842067358
-1.55335254264962,0.545146117498124,1.1749459250344,-0.489238489756514,0.312182851790794,-0.549354892155104
-0.522200074264723,-3.06533170718694,2.35593560858552,-1.29546521342353,1.0794367982864,0.954515752999142
1.31361071634809,-1.34767559816364,1.40372724792655,1.22353344000577,0.80146754871709,0.387308837175479
1.45675047483104,-0.691869224136679,1.22579935789428,1.43369594055871,2.31562838490178,1.78338172114494
-0.683052023442859,-2.47619202791619,3.01898305109325,1.56283360820936,0.789946713865516,1.93392724302626
-0.636752328204968,0.466672428486241,-1.17282921353271,-1.65248340546701,-2.02718907871968,-6.59708939123961
1.12714037113786,-0.257966344148609,0.41117809618916,0.12609507412477,-0.256184461666966,-1.66540977253597
0.720857311922601,0.978137423403211,-2.38352709425496,2.9654118035833,-2.59772341256375,-2.56443203368427
0.876990626345254,-0.582887613445007,-0.0567072086058639,0.272559257612434,1.72995977030902,0.435958079449256
-0.740218847107135,-2.76526690151992,3.33603605628415,1.94689340617422,4.1679164356485,4.80938814154599
0.161118655522918,-1.13859585532932,-0.865899790298762,0.712856966013975,1.60908304025562,1.13938650191492
1.16238697802625,2.12238833745421,-3.53374267204319,-2.01798269265062,-0.618746322920623,-2.43351906123858
-0.499521410864695,1.16051496293031,1.77623044419396,-0.593614718758489,4.45192461140498,3.30003276665458
0.000693983243391812,-0.041654721830127,-1.32270075608753,-0.292724671775959,0.0177325481018218,0.968745690322175
1.51877652287118,-1.54506251307091,1.18289580748541,1.52489095160724,0.62461240691769,0.499710130489155
0.860229143143123,0.176541476649719,-2.25989469339586,-1.2267294056253,-2.28120224758796,-2.89373768555233
1.27304669570928,0.713538193795768,0.0525839006725105,-0.428227796041984,0.408806574710789,0.438052244101098
0.447671967306227,-0.772324508519206,0.874777590354656,-0.0142315082060297,2.05929721290305,0.913637730530133
-0.397668923112473,-0.68677941319396,-1.12054872060949,1.00726784147163,-1.57523640101868,-1.08587347547206
1.39573007597211,-0.0686262667453734,0.320731078053553,0.85808987394516,2.25469859987381,2.57114341726953
-0.62185125653241,-0.787720521409275,0.504594493453468,-0.501254116958125,-1.31499615552932,1.08101317023958
-2.24455539689558,-0.0805657189969914,0.173394456542805,0.069356952928846,-2.76573472362585,-3.10648660623713
0.321178703616838,-1.62583955829778,3.81088762843496,-1.75955682822078,1.78088305159142,1.01621964808065
0.933034927902499,0.335690217009983,-0.496317977780766,-0.893351561634123,-0.644312723838274,-1.33172997641208
1.96085533667888,1.10336683335948,-1.7905140315802,-0.74472683249833,-0.945885279332781,-2.19623654170644
-1.35456947040366,-1.12965771315766,0.230431505160878,0.455052592050318,-1.20886086470571,-0.691902371906283
-0.563020877328892,-0.987099312541305,-0.257524517544276,-3.07721724626108,0.244680006916845,0.601073608213489
2.15743194219731,0.668389976942486,-1.4483407579663,-1.73408979020651,-1.84898030027097,-1.28051641400677
-1.62549102234576,-0.946873112218111,-0.294083841473941,0.78059059562554,-1.82317637928294,-2.95144117773302
1.51630651537549,-0.00841532225297898,2.86406338658308,-0.66058158315809,2.96056483707934,2.16293610727609
0.93008177106401,-1.06429202077117,0.680968549529895,0.745679320700783,1.2515506460591,-1.09351828794248
1.07746646590487,-1.38558630747315,0.298050365461238,-0.501844336882817,0.386521598709748,-1.71544984422794
0.874009850815225,1.20471312688558,-6.3066993132804,0.00132437268309371,-3.68920812646699,-2.52705261344534
1.12902837338881,3.21691715131302,-2.08279390758828,-1.85115307348355,-1.98609423942822,-3.26048342153055
-0.215828915205099,0.969337576810389,-0.510630565239916,-0.196697008143647,-1.99354895272874,-0.927992898471179
1.55725976712319,0.653090933007861,-0.212501516787998,-4.34446380551152,0.946417180701811,1.03967271640127
0.658239385308547,0.149271571827658,-0.160961659143485,-0.13694482376224,-0.0345660285490361,-0.342479584556864
-1.04544739508652,-1.33919662798133,-0.101192074169867,0.481489520710595,0.518198604608568,-0.851476581218843
-0.821518231731047,2.19970080493515,-3.01491198418268,0.0903021543608749,-1.89790791892416,-2.24245818424644
0.779757127525649,0.104317372977939,1.76547350933182,-1.62425746014536,3.13472227069472,2.88775925519713
1.53631095471051,0.202037854867288,-0.161010913263888,-0.843674208134671,0.140751603105296,-1.20744590883024
-0.0237373140932188,-1.15589737483988,-0.186610770082039,0.895267386260449,0.360094799459923,0.293574256853573
0.495455781223662,0.292246208186152,-1.38071903060988,-3.73949655801594,-1.59147365151772,-1.56535847886318
-0.630601898792701,0.940289837645905,0.744755486585749,-1.47641556204481,1.36918980237246,-0.638008667933038
-0.823888441129891,-0.183622628328047,-1.01659210313729,0.885099572801077,-1.46943057958,0.0562473659700549
-1.33742140292598,-0.964325385759195,0.882041240214132,1.90373444815116,-0.613771066942523,-2.16962450400437
-1.58809782933591,1.54612214303277,-3.42543312772711,-1.89284240301968,-3.07779553841723,-2.4800886377733
-1.19846795401795,-0.326047828139035,0.280157661375411,0.947648410263722,1.04356543403393,0.724708387935652
-0.217700776792655,-1.51085151640729,1.23736809855634,0.0198916124441496,1.99835493419163,1.09541735875932
0.535059879196096,-7.3731109396648,6.86206273473009,5.39845687344307,6.77060881051346,3.77829064036049
-0.881801283667693,0.046888832111607,-1.70737875164241,0.571299520400082,-1.87726675348803,-0.160220454586655
1.26700922030253,0.791486733931666,-0.417442681331743,-2.02608091230414,0.950596773455333,0.337527681404341
-3.36957928591881,1.4998517032917,0.746654202270637,-0.80374345993139,-0.709502177831736,0.395167212234335
-3.82320093004857,-0.847669461736109,2.00924000243671,-1.39146263701402,0.376252349643329,-0.692014672083452
-1.37607431285981,0.367909703350312,-0.915256747571775,1.62244728110424,-0.866105857316288,-1.83364516522665
-0.690602806502385,3.52156517822418,-4.36090925929542,-1.67477009976181,-5.03122387990984,-3.94038129040657
0.0153444881315377,-1.1384814199746,-0.151227926192643,8.43628985813728,1.53515101707222,0.579566365001544
-0.601546962462017,1.84956054683793,-1.63563722974342,-0.37834406811896,-0.76143511800058,0.737231027727709
0.232501225952488,0.650328784013272,-2.22740689779083,-1.49094166047165,-0.878563531241078,-1.8984134184771
1.42816927673327,-0.387368762346573,-0.65738716687429,0.758498823654575,1.02615446111195,1.4374141607453
-1.15774670133377,0.21947074225782,-1.7635486072743,-0.181286350883025,0.0298777410401785,0.025799517700711
4.95400494846524,0.275780689944212,-0.787722438143371,-1.00868034275735,2.27634638070507,2.96509524410665
0.0119217824402421,0.71479497432267,0.022557045051191,-1.42175912909514,1.61266307446118,1.40156030981291
6.34513287413784,-2.65917774154967,3.44113109137743,1.77146024536672,7.08056209042747,5.65219631154984
0.306597825589401,-0.880792411272037,0.772140424402067,1.77153835285124,-0.442405912720325,-1.00849383182236
-0.461843587353773,0.113290108174424,-1.27266879715798,0.135963977522826,-3.57019629965814,-4.6533624456322
-0.684210860143061,1.20170699607365,-2.00810075213955,0.902626791320963,-4.0906735317874,-3.18513090304564
-0.676334418983138,0.539714270683403,1.01225673038149,-1.8223192179041,0.109585122953326,5.13484496669967
-0.492807173854491,-0.602771673903925,0.555874429773316,1.15138523575614,-1.12695845413602,-0.910205283352626
0.574672692981983,-0.361376627851055,1.5047049376519,1.10202377953149,0.698262617542667,0.253387394794367
0.24699948793522,0.327507655720129,-0.189811392229362,0.135835788826136,1.67556865520995,2.50508968983578
-0.269906556041551,1.11256813575767,0.856415567156202,-0.691047030743746,1.37452782490602,0.81418823356076
-0.964571408551327,1.54837167101063,-1.92485718830302,-2.77755672294052,1.26414015203526,0.955330967829663
-1.79859707465838,0.884226028213129,-1.99931732754161,-1.59284498186502,-0.0265234979993743,0.914127825556357
1.71971667538076,-0.85939149539391,1.91932285363805,0.721797602232382,4.45559365150453,2.8582923924169
0.657079821627625,-0.106998520462851,-0.142052857084862,0.578477941223575,1.67396906963641,0.410251186906252
-0.391580469266751,1.00272088458668,-7.17608057488205,-0.952189807106956,-9.34528251502274,-7.05591716244452
1.57692622196458,-2.51306145845119,0.537581319709024,0.813172019712655,2.41062685539766,2.7578683036191
-0.141459146136392,1.50417825046695,-0.0340688362949875,0.118007339810635,-2.07893018617938,-1.14418477222339
2.26042222065945,-0.392249485238531,0.76152085912217,0.09138052321189,1.04366542558687,1.70548878948152
-1.31698957199102,-1.28009149882999,-0.234801439748978,0.287294858000393,-0.953382816573019,-0.651465828064972
-1.82424625627,-0.193782487483916,-0.110224617212736,-1.61764103212255,-1.13655127938341,-1.40890273073513
-0.0181117108083342,-1.02482646296732,0.0246536490907852,1.50232383763097,-0.0990757504813345,-0.40636209898577
-0.0112812358853559,1.05330744198234,-0.853882778871033,-0.623724857407187,1.47879439148855,-0.0731450221165191
-1.81740193409145,-1.01638818422841,0.040565249400446,1.47647829234586,-0.920570677550744,0.233269331935915
1.42740488470619,-1.06987460890383,0.234815730738564,0.628577731259237,1.96890718952318,2.6918285393471
1.2063141334107,-0.291135305228437,0.957998247168639,0.0927142366857759,-2.39851712440775,-1.15567825115791
-0.294133737978231,-0.63629772134468,1.19316489436442,-0.536140360903007,1.41277506989504,1.17200165602919
0.45231808437146,-1.94682246065702,3.13211210128465,0.731308082773885,3.66200617557107,3.54835187527704
1.07085833052461,-1.13571862033386,1.80233423145878,-0.318254619964426,3.26784065053434,2.26542134766949
-6.33140081736225,-2.81739685988188,8.33067908803964,1.25590597968028,1.62920263838525,0.616912181679838
0.612465409505094,-1.85636655547079,1.0853437858083,0.626578752192999,0.58926776164406,0.484300802991328
-1.10109143899043,0.683748882222453,-0.0706031687755388,-1.32429323737661,-1.40929772397791,-0.109777296732641
0.815971614058612,-1.38054372865483,1.62477065324255,1.79168743454511,0.0529821172961715,0.413311302777581
0.368688695506914,-0.409656209189439,1.46567554140053,-1.79948892169511,2.37831051396802,-1.34495086364205
0.603352065041859,-0.563775545865577,0.205837394035328,-0.682408248315127,1.39565094718095,2.54100144444047
0.489660850337882,-0.691329866366195,-0.630082732636793,3.97888406149634,1.44523553815348,1.04490634038403
0.816925554290545,-0.0400087493859583,-0.592393697181884,0.842376087388323,0.716277013593249,0.806283811031342
-1.39470084953573,0.766889907221722,-0.767495476561761,1.11041840544855,0.262731716199457,-0.622410054878841
-0.437592784629993,1.11902095523608,-2.36483603997969,1.84061183271386,-2.02169702657149,-0.862319734451843
1.65067428780886,1.40018063440375,-1.83408489418678,0.0680915096172725,-0.487121063830621,1.00989187818421
-0.0865223205448804,0.944840687134816,-0.208237174704898,0.144049492776883,-1.18984467378942,-1.30410823726824
-0.167649547579798,-1.38678828540578,2.23693941897861,-0.74463299476828,8.19137365592273,6.87423222237497
0.516686524627258,1.03564268266023,-0.675428471548157,-0.822000316748744,-2.03940055736025,-0.158684942471707
-0.404127964673904,4.11110335561344,-4.70651378645849,-1.82117403494058,-4.67475392369645,-4.72164480534828
0.605091277055826,0.38049314801254,-0.849784441765599,-1.95358526095965,-1.52888633752646,-1.47316776920979
-1.39106825182572,-2.79797100803451,2.21526404566949,2.97919504201228,-0.0382642774103812,-0.489807037315322
0.140440877488523,-0.0710895937556686,-0.583654137075619,-1.80864845856092,-0.749462132516393,0.0144453552481663
1.32803218123679,0.51959826990246,-1.26930494234591,1.72473270527627,1.17466060998117,-0.882691733340132
0.792326213832192,0.167449880195169,0.0120229886185752,-1.12943799543767,0.65199664973703,1.33558363147786
-0.376960104160936,0.529117525849145,-0.358653102384113,-0.147705344354832,0.644718899184256,1.46684481908722
-1.57311445310924,-1.38739693266918,2.17781642167214,1.42632423169757,-0.108959441645185,-1.32424679641643
-2.05958703779238,0.00841020742454565,0.967544747090635,-0.0826850357731783,-1.3227609311542,-0.592642021302165
-1.01915395090102,0.71918212863162,-0.554584058733393,1.06782972171748,-2.0343692435825,-1.83692397160282
3.05220542209247,4.71177489616828,-4.2323560894993,-4.07935781225815,-2.95675867578773,-4.26459139165659
-0.628190578920266,0.850933300290638,-1.34975396688271,0.928062642641745,-0.535439267681042,-0.968306925410222
7.16779997778511,0.913515671374792,0.363757533962172,-0.545821484111488,4.39771020239925,4.51769503708558
-0.86587994097772,-4.70581423459161,4.71805446669218,2.13866606012851,1.14554594019694,-0.517359623921821
0.159974500232687,0.159178657817271,0.18022204048481,-1.29154753120705,0.77849587137567,-0.675713542422772
-0.776933494044094,-0.228894261504054,-0.994056853751391,0.306166341280574,1.47029021650835,-0.351661332741623
-1.56285982332065,-0.816833252051103,0.100094554413195,-0.191036675781215,-1.97573677212246,-1.93734870838351
0.871133060101722,-0.791152118775237,1.27640439242151,0.0405937246204542,1.63885916632648,1.59304513439204
-0.0247846845524674,1.47492363994951,0.323598733961795,0.683173700549158,1.38925020024079,-0.195359971649385
-0.0101555607693962,-0.541617459990065,-2.14606060991639,-0.640966931228812,-2.28683705327118,-1.23599937254876
-4.48468925111647,0.569785800146491,-0.227816584394484,0.70062072389645,-1.90183251894459,0.29547748756134
-6.48573201971204,0.22168176343865,0.44703955516041,-0.533538500966175,-3.60378654881122,-3.94570059483314
0.0142841054987208,-1.44616821444179,3.98943644314722,1.09475415925161,3.685656149874,4.03572936280839
1.17878323950819,-1.61935946122246,1.92449580528673,2.03848363116388,1.32283608979463,1.69530661024779
1.40011900313949,-3.94867556396736,2.2735807817405,1.28643290751739,2.21142752163592,1.40754327959148
0.734263985566479,-1.40253913194915,1.30481437725682,0.348029830270993,2.89474402687885,1.64801337087145
-3.22123445175659,1.3656234818929,-1.51760741470212,-4.36043335176278,-1.97533967952394,-2.46375353098571
0.707457664554061,-0.0934198883992747,-0.401697952162956,-1.27237432963756,-0.736150057570499,-1.91950804792263
-0.465525062035775,0.476666070511004,-0.551035068094951,-0.7051324341105,-2.65841301796532,-1.95796964368969
-0.772847865359717,-0.15022791005875,-0.41790658516207,0.540716394675704,0.187325237161304,0.649038322972838
0.254693569953749,2.0590407674712,-1.0108947084087,-1.78675434139036,0.177357971458192,-0.865555415079402
0.863389263956876,0.949222819702706,-0.457132203921563,-0.287917313771544,0.387162963512654,0.963659043083525
-1.75762596837117,-1.88371567284385,5.06192957742401,2.13520582471445,3.9303935974663,2.12935767396527
-0.0905217812001717,0.736559718537972,-1.9064942152816,-0.451112260671705,-1.10417198121422,-2.02975250144139
-3.82034044016052,0.0431025388054011,0.74708646444264,1.82143102373828,-2.25834206019454,-5.15577350684731
-4.03152501681013,-0.0889456362668562,0.0260729648739082,-0.864198948290313,-2.38379219681927,-2.15613922438551
0.452115883661186,0.554131070628484,-3.21648656605681,-1.17022602886261,-4.47257263052808,-4.50134345880189
-0.663843935106308,2.41563136092969,-0.937301627402537,-2.22398937406322,-5.49485432229292,-4.74378544622574
-1.21977370176452,-0.990853450134545,1.14335339213936,-1.09587115330772,1.36325371445704,0.0224410864756925
1.08735010804443,0.400729610890546,-0.901894307106319,-1.16232780688406,-1.13204759216606,-1.63100271319616
-1.28794965094025,-0.0129404167408063,-0.126928550243062,-0.267702793173098,-2.43188635315942,-0.996368791111011
0.0188341782134751,-1.12781207626708,1.1627664836122,-0.296354690797037,2.56708714324881,2.63608344479251
-0.00186076576618113,-0.448678740651295,-1.95311125027953,-1.72487395622365,-0.529541143053635,0.406862158790659
0.28455175705742,0.802310458236545,0.967742655158786,-0.438089596442945,2.63174270492418,0.424872589250321
-0.257214865435838,-1.10178902581499,1.98499889708792,0.0581476558891015,1.02407213656727,-0.208386963292866
-4.81287107436602,-0.666565165695422,-1.51086319870837,1.39859341809462,-5.08507806982233,-5.26903242566877
0.204246020614957,-1.03682568241397,-0.480546938005845,0.6992871569753,1.66995937682939,0.969586941766831
0.583169259773055,1.66436376897805,-0.335286881324043,-2.70375230322771,0.585142834304975,1.20637903375902
-0.503401342658479,-0.0098233628137921,0.387899159908138,0.664294758172943,0.691554549599002,2.97153881009075
0.443422594991515,0.054711751807979,1.14338533626719,-1.5980158821076,1.48788145051729,0.0368249379322769
-0.28550585050085,0.866089371784505,-2.95231433496287,-1.10919770742563,-3.86003491384804,-1.78392471206162
1.47769789148162,-0.305770628187672,-1.65641301604633,-0.398073240850407,-0.104886999304346,-0.00219939584248383
-0.0620452844112064,0.845428398491664,-0.362872745157483,0.937812879614988,-0.655928738300202,0.345549551332187
-0.976205878630047,-1.39672444068735,1.93539633966574,1.01941822103989,0.681674859933133,-2.50918379159106
1.71921517521074,-0.901361921913493,1.22379838125412,1.52851752584269,3.3496681227322,3.82680358340428
1.48486064412772,-0.530378196928739,-0.992735394708705,0.138182717660593,0.0596842166679961,-0.334270103314924
1.13035414244368,2.88683103381415,-5.96699392578245,-0.820492188378042,-3.5531910544504,-3.56666129544707
3.09835587195467,3.09428237938416,-1.62766164873908,-4.60533792106889,1.88815026615242,2.62534308631208
0.552465707304949,-1.28232446416787,4.89725929036366,6.19481181979235,4.02913997389651,2.62458150730348
1.32104831724069,2.57091936867561,-1.32411072715532,-0.659066886836013,2.73662651847934,3.30095816561905
0.931358849815812,0.667106518938212,-1.87407812191271,-1.95814414730711,-0.947427733256827,-1.46530211779179
-1.87051452630061,1.40555172747123,0.0456590871981719,-2.15814593593768,-2.2860721219558,-1.81578428687074
-1.39281698181527,-2.59319118493724,0.949793578862045,3.24891348958351,-0.868101919258114,-0.176471034568903
2.45948899885312,-0.581833088084206,1.75734812795977,2.50190358716344,1.47172752452144,0.317218988581668
0.515882014673712,-1.90650128423427,3.03574178343189,2.18809582248032,1.61527797436378,-0.552727325423548
-0.855380631262431,-1.17444542249516,1.88833765909613,7.13458782637808,0.913101313845131,0.451652094476472
-0.862114609805881,-0.071535663704574,0.86448561808772,-1.68653133640879,-4.31934426220492,-3.67394385700073
2.12630188190065,-0.406459641071675,1.52763971624177,1.3848937386736,1.84415925759661,1.01539121043325
0.00799287101725961,-0.499492056369924,-0.633177841444903,-0.891141644689126,-0.418590416526238,-0.10743148090813
1.95542456120192,0.509824668215036,-2.56259124437327,0.157054567161282,-1.10500505959719,-1.14639284225251
-1.55819810577911,0.551012662994554,-2.91269572379639,-0.846999726507313,-2.267934031284,-1.30359138766059
-4.68861041485663,0.531097790783236,-1.40036313138941,0.28142348339833,-2.7973484761574,-1.58231490667149
-2.2148538699725,-1.01406640624709,2.17888262673298,0.370023659839831,1.69445204503432,-1.36686161064298
1.08048340274339,1.26411009717519,-0.996945249779865,0.429768358974083,-0.511882218145043,-0.190288633231642
-0.516232673603885,-1.60707113479308,-0.648378943724146,1.42176683804064,0.9688823865824,1.33963073051567
1.03730490821057,-1.02786503157716,2.57138295317349,2.56047371079432,3.0292130274497,3.33275046468948
0.918313944436673,1.073388138929,3.82462872179539,-3.7284751915537,3.2744097802536,3.44544564072254
-0.915325419306983,1.30784534079759,-1.84282045844474,1.76135518636094,-3.49972849267245,-4.59339802390019
1.00136027575747,-1.73402926466456,2.65406853422153,3.98209716346918,2.13404950471781,1.14050190778778
-0.0420185874508867,1.3948879718787,-2.02019344897042,-1.18559910304109,-0.457753300487858,-0.262168064898627
0.547931435016983,-1.17076022691367,2.70519876274922,-1.66419181951867,4.50392203995166,2.75379823685886
-0.0015745479507357,-0.537219351699533,-0.36082273298304,0.0587351777681762,-0.198617779610499,-1.9077367018939
0.131139852718825,-0.134720054601044,1.30846977990577,-0.269089269866557,0.59341654626159,-0.260717533631863
-1.2017623912172,-1.13283049534136,0.719783746112926,0.23560388089601,2.79288654847375,1.47000484488801
-1.72125285453484,-2.05977878511183,13.1358109743241,1.29528791221509,11.0169714712768,8.1138152885815
-0.8092446909904,3.92858449367215,-1.7914363786846,-1.64270589282273,-0.0502163014868218,0.826874334560067
0.570097657212333,-0.788457432699859,-0.611060800086054,0.461056079282275,-0.510790261212021,0.0130355963293069
1.1112372284107,-1.22347805261956,3.03501019167973,1.8160463211163,1.64315372251841,1.8248079902399
1.97534939832961,0.861115235761458,-0.574597314286481,-0.571978387880063,3.01435264216551,1.23829264186309
0.999833234936532,-0.584981821857904,1.15835064646654,0.300144783007429,1.52620295452937,0.196894538149159
0.267473101748368,-0.179925069949505,-0.953042005486219,1.54271939808438,-0.187557728618201,0.49979375683741
-0.961616306093527,-0.0183072417851556,-0.558364948969898,1.42167917113172,2.71803096414838,1.6128888300708
1.6773797828291,-1.69357927653638,0.764854645605542,0.814973448800947,1.70937719899611,0.796861671469094
1.97953904121677,0.27176874570322,-1.08731395157515,1.126474302177,0.363237966306032,0.720342868932679
0.882865224967021,-0.42197271845464,0.714056469936248,-0.964471476227392,1.37830384991783,1.90848243919
1.35983461154274,1.34500428987616,-0.050550463757925,0.36135310388259,3.38243625188791,1.70428570397823
-0.754167634695497,1.09562839723884,-2.64270237874552,-1.11918920261518,-2.0869134782073,-1.7884034613578
0.533665428075798,0.367401242558133,2.0245724319565,-3.47577683051012,2.76968471366742,1.77511694234446
0.502264430727403,0.56596635712937,-0.950827784530976,-0.699614403464627,-1.5107317469499,-2.64103422424159
-0.469488739503984,1.07276429107664,2.23197419617166,-1.64487141287707,2.59846280937307,0.997186448867424
-0.569574614887392,-0.485499119521274,1.67734242353421,2.14028013368306,-0.497087874613033,-0.766723596898419
0.341934964443773,-0.0862626934181378,-1.6653801122756,1.85982065650125,-2.19642361663349,-1.27037399242595
-0.617529144694682,-0.941499096855102,0.65345394418907,-0.880868406695905,0.0318390222158542,-1.40706033091646
-2.50679993263752,2.40941056294105,-2.5860845275557,-1.98802077415942,-3.53373013258263,-2.56745321430677
-0.773620357999407,0.920607228846701,-0.208681085081732,-0.74792900611177,0.0584910982163372,-0.288841731999122
0.00350984076832936,-0.535130531572554,-1.1928393967353,1.01042381107601,0.946372227691758,1.43697409880196
-0.137402170641379,-1.23992997795946,1.35526556209925,-0.873855645746959,1.29409296194144,2.08334517950982
1.47344166546496,0.701820123063438,-2.0003149010388,0.424190286778142,0.0590043492301539,2.20100483510788
1.15082000131308,-0.297851987541454,-1.51547112267234,0.200305540486175,-0.612635583348001,-1.52614019912964
-0.863095053375728,-1.00477520077264,-0.665551837047067,2.84658959767273,-0.0873180759072326,0.246273817476091
-0.892886812815287,1.28662385531426,-0.936387936338071,-0.65211579993359,-1.97070029860414,-2.34090242163847
-1.05669073532219,0.462108490987144,1.11944324782934,1.08561766551803,-0.62688944562252,-0.66651061668137
-0.643844447087157,0.110739374670135,1.43830640012728,-0.124981924157679,2.95631886032391,4.32863465725217
-0.655845144905431,1.00148773306997,-1.37195553223023,-1.54364884767499,-2.74632587720705,-2.0950754513017
0.839420081869531,4.28554921929543,-2.72698196194179,-2.05226905804504,-0.728569099618665,0.577993957811248
-0.545510842003028,-0.845284017712901,0.496886333885874,-0.229976382887852,0.681592443310809,0.545173843323282
0.921840934873703,-1.17107826938586,1.58756796096982,1.85152378533659,1.0179993244455,0.0441838536351029
-1.689444945212,-0.700549311148083,0.057018947439219,1.04202330452328,0.171696019868846,-0.823963428619904
-0.142286792438808,-0.694007545115672,0.984302565908032,0.50212704529706,4.12779170798759,2.13913120601794
-2.36205436638825,1.32754550573333,-1.09816667592378,-1.83000594376187,-1.24066719970663,-4.07714444491083
0.0708551072030595,-0.196736201072047,0.747985556131707,0.186370805038755,-0.446579859480831,-1.30210424425586
-0.135789743227671,0.0328452126513317,-6.17949171158704,0.188425955945685,-8.08484466850024,-6.48441122708362
-0.419266668162603,-0.0151676888363305,1.61401163963522,-0.309737625897467,0.36666096035494,-2.01485717962678
0.68314764845716,1.32840957582429,-2.29412661492764,-0.383315388220617,-2.00615969885535,-2.00530015612566
-1.20911144996862,-0.970577828158885,1.62362982524469,1.60987291419527,-0.0544894592323464,2.36894577667182
-0.0330383490895614,-3.22197791692763,3.00707429535695,1.01045598761092,2.2721906436971,1.59932448160407
1.12962199365631,2.61129588019113,-0.99172357397928,-5.10735429476618,-0.702745415222462,-0.814532744754312
0.737203686917609,-0.896828018960419,0.775779566922969,0.298094309881161,0.546135050456049,-0.159963727365467
2.26321320540193,0.608383755313967,2.16078227109288,-0.397957836800313,2.92060641950919,4.86378515041052
0.83559151473839,-0.0597138333726412,-0.787501393700116,-1.31647529612042,1.53055019334391,4.88818774613172
1.51599347300452,-0.83700474574349,0.552653917087706,-1.0798473728123,-0.381596646801374,2.16743050125217
0.00352290225887469,-0.828638039891391,0.704640532655864,0.033194335261412,1.65218201145778,2.58048404412234
1.4972661932295,1.01144442447786,-1.41259069319718,-0.934177009350283,0.97176406142683,0.488932076455112
1.86591180433689,0.649859463942304,-0.508633048416831,-1.49762927797277,2.12546037851493,2.42643670040814
1.58089276427537,-0.427088225728307,-0.16085424557892,0.154961616363163,1.90009335491344,2.22537520554615
2.06107984284382,0.66998791029031,1.20763100218929,-0.374207115066655,2.12873670840374,1.56118508329478
0.843137379726061,0.000173475676378669,-2.51585390858799,-0.218664746179244,-2.29475217147197,-1.73008839387764
-2.41819133679245,0.235247322706819,-1.51651864754878,2.32620268353366,-3.90396771912528,-2.88851559245139
0.553887616361187,-2.01104219013292,1.60952217264913,0.363108037766355,2.34193809881381,1.08455025453008
-1.46728775547563,-2.80294519680177,1.86891789410711,2.07126862643593,-5.53172304609783,-3.63999367831845
-0.24076115718134,1.32730752870959,-1.0969247704815,-2.30802004136404,0.41177758304953,-1.11839063554766
-0.632484092932466,0.540879320870645,0.686037903735137,-0.814290413658035,0.34987968780796,0.753314663425819
-0.864982561181496,-0.909591445164043,0.677131715233583,2.58671231729649,-3.62070698439149,-4.01228588025146
1.17356590136691,0.652963676046934,0.241572710108796,-11.6724625437071,0.718081620628689,0.65634175727136
-1.01925847318787,-1.32603283140288,-0.422019485192456,-2.56578273418598,-0.445019449557619,0.73049091102073
0.0298778618122814,0.393678591779877,-1.40426511296839,0.215308384635141,-1.13317060203121,-4.07752685249318
1.47087130894742,-0.551579039044418,-0.781257450116684,-0.989873984693953,0.252723894629338,-0.451849658049697
0.215715081119279,-0.844531574363673,-0.622148802862562,1.61453220488651,-0.712558931953705,2.29795473806938
0.559805844496534,-0.0193419541777896,-0.26679099690138,0.162427084076266,1.04435909816595,-0.170961964172587
-1.16752269378458,1.03556112945707,-0.1218594221839,2.04227670396993,-1.52909060659868,-1.20908356767061
-0.835402691577971,0.508386879810932,0.262860957474891,0.79392769737981,1.66263162036574,2.11415678668073
0.834842030192479,-1.43014328122051,-1.08323872379268,1.43180597627776,1.25408412529181,1.93691624562532
-5.83857169500019,0.00651955781700684,1.00059125263794,-0.827006227832805,2.51987650527472,4.44492559824239
-2.24500455259809,-1.63627071029108,-0.136123111604811,0.493273757250985,-1.24435047444958,-0.059406903422654
0.519963720793296,-0.816521154384363,-1.64990416600356,0.569041224596369,-0.713295573488468,-1.77337466801178
-2.1679345570801,-1.19877247201085,0.963094578390489,0.118114517712514,-1.62453060706086,-0.470737888055157
-1.1625927608298,0.337712380589788,-0.837299208950276,-0.220401671829526,-1.34799658714397,-0.0110326762008515
0.114775174192787,-0.46924174452982,-0.422618439422001,1.28110571858932,0.152223578655117,-0.834428503138686
-0.105535360387747,-0.958906792931257,5.79632380889157,0.387202819720125,5.86479765062026,5.32536095101139
-2.39620011586542,-1.12336416480848,2.20577987008527,-1.59773238010905,3.73723423526045,2.96850315994684
0.370984355294557,1.85820986191672,-0.54728422309384,-1.15204762621257,-2.51275520781465,0.0993407998619045
1.93800694053732,4.82352853414776,-4.23874875629777,-2.95765887981082,-0.0817586704600175,0.794317880777827
0.167728829796301,-0.147755208368501,-0.244254822664595,-0.17067887355552,0.0321487888557861,0.244317723390853
-0.754058639337523,-0.563802525062279,1.69698383341473,0.845659846545411,2.14830786157903,1.77155973289006
0.900888521788702,-1.17600309009119,0.309634796158492,-2.72516254756405,0.67342027174511,-0.280794604270936
-1.16751582233124,-0.268326496936337,0.7809382838204,0.962359367951739,-0.0889976835035199,0.4119143425384
-2.13727108044079,-1.91172275768101,2.11969746904946,1.0687942254381,0.75333036475363,1.20353748744773
-2.27973405181775,-1.0806399913535,-0.783515039494208,-0.529888900950464,-2.63460683525913,-0.0809095488368361
-0.452725486795752,-0.56157688263311,0.196146120845034,-0.587443942104154,1.83133997608766,0.478938248147315
-0.0863766366055601,1.56075238914598,-0.688320395943043,-0.423494403841242,-1.61567399775937,-0.75448638640153
0.78490747066709,0.411651777435125,0.658097989480566,0.683751062980075,1.89425502147333,2.71637568014816
-1.71590358785426,-1.19583903631326,0.0239021014995161,2.07059007435345,-2.79022844365155,-2.13521849666652
-0.397546300551491,1.37644381155501,-1.33759530820458,2.89539855210816,-0.941680535674852,0.598019524219246
0.65194554377243,0.582707499564103,4.30419871981302,-1.17777032975026,5.04820184861509,5.27141843480606
0.1649502060988,0.571063912341279,-1.24279229045983,-2.10560764204217,-2.22083542355364,-2.96454987735896
-0.984355281187332,1.361308826365,0.364762323058237,-2.07723592940138,1.50547358805489,2.12181542671542
-1.37747111894771,1.5275435855117,0.233801533806242,-0.190494710104932,-0.39817445567798,-0.518975722067124
0.747602476810978,-2.60801335767485,3.25547893314989,0.0977776398410781,3.25100645956743,-0.64867002364983
0.117306546412717,1.72277399691594,-0.503827312088927,-2.0337101354722,0.594684876846274,0.419313984112143
-1.01156650955044,0.767692931859547,-4.38386299225223,-1.03757351959678,-6.97566424655093,-5.76119598154269
-0.472226176047498,-0.73160817478881,0.640963981737871,0.0710996819863581,0.91454394015341,1.25120008160963
0.402632027739771,2.41012248398127,-1.29363445755314,0.236838970624176,-0.523893304023073,-1.91153697452168
-0.281286018514893,-1.83712719611977,3.09575699949746,1.58962003406903,3.69492808753921,4.26278403420236
1.55838270413642,2.94892292929066,-2.39246452984623,-0.881272796718571,-2.33740398533537,0.13717820318281
1.28569178822905,-0.602316623076001,0.900494102596732,0.349606677250526,1.33654461286936,0.903390917150297
-1.04288287465157,0.682073712346115,-1.46997011063142,2.1378300227836,-1.71583332167627,-0.523759495024269
-2.8248421269472,0.845898016695799,-0.869353764451518,-1.36002748656714,-0.602367515619473,0.42919033373909
-0.0192374233671072,0.0266486986854342,-0.855979777524024,0.38499328101162,0.331284348322676,1.64338044955571
1.29809812312068,-1.5432501836306,0.108407361395869,-0.057424866991467,1.9804132079314,1.1497941823652
-0.0418349142690506,-0.669240427149363,-0.0447558767652726,-1.82218246854346,0.0720624000461189,-3.28280253801007
0.304069358138987,2.47275446790426,-3.02183119950422,-3.19626345411603,-8.27652667158646,-5.36044246965684
-1.32499869973381,-0.42959928285293,-0.772863354481813,0.429519934636755,-1.71992592093351,-0.275419666915763
-2.43329612777173,-0.145590781551246,-2.10587957643098,-1.10098776771895,-3.06509521613999,-1.56249073425232
1.3247048761603,0.995936173716253,0.177289196154461,0.825584752831386,1.07888548989609,1.34047185426841
0.540630363803621,0.603786593637572,-1.64893707511797,-2.63876422339692,-1.44493459913585,-3.4055231894627
-0.916308899659846,0.375061230284273,-1.80644442600612,0.96031040017275,-2.22558758957499,-1.34968505156476
0.717836317957488,-1.57310360683416,5.91143300030178,0.811082684457472,3.6802124672866,3.38452183555396
1.18832398823267,0.619035242750114,-4.36585879474329,0.880865255812467,-3.38943624551799,-3.94879632690244
0.941668240658467,-0.933694277136311,0.411784536659895,0.928829365084155,-1.99870165316141,-2.25874119566469
1.18697520941086,-0.448917947691185,-0.968296284544321,-0.135801514866248,-0.225771942680388,-0.614104739133335
-0.0385621827630183,0.616350570790915,-0.162452070224471,-0.418366544512242,-3.53133633919462,-1.87550781319075
-0.839449473692062,0.149281062546211,0.251554438800211,-1.11840199013139,-0.024057677105465,1.38099214478148
0.960659852991358,-0.34787234786752,-0.707133205514456,3.11958101147756,-0.228543326612956,-3.27095488444474
-0.222264611988564,-0.205835647789978,-0.26047902688896,-0.601195307462877,0.847632089513764,-1.31388322836882
-1.50837342761323,-0.076807354389474,1.29547702192668,3.06608673173497,-0.160960821817211,-4.3488166810664
0.920570257678343,1.08612130129276,-0.760912007585141,-2.04607363713306,-0.904656627305125,0.276228689396271
-2.54325403812184,-0.802977479392012,0.648188921511498,-2.35530315943719,-0.95102712352174,-1.07001212702601
-1.29210622908063,1.16541646333302,-1.71206007679082,-1.25592049841169,-2.58954236146259,-0.447919827331671
1.27626079936999,-0.151127732475356,-0.00715826654132648,1.30311939760596,3.2258764304977,3.43073939383778
-1.45325711975072,3.10344649542729,-1.17664397635542,-1.86091480422568,-3.41326349999172,-3.64907826887121
0.215905444283399,-0.868584720991918,-0.631917428904427,-0.0922913294478658,-0.49722063797391,-0.598756442044849
0.42602969136594,-2.13059654749592,2.99801023420738,1.106738697518,2.66066111897995,2.85180878304366
0.202769455967049,-1.14572838686557,1.18192083820067,0.313929105726859,1.39240176926567,0.0518173403181268
-0.76734074909585,-0.653592809944903,0.457118474612116,0.396551237104103,-6.11802174547418,-5.74298955654087
0.707415285176029,-0.94477896473415,2.16265983314963,1.66898976325065,2.55312409227465,1.77145610816822
-1.13748873537737,5.43212054197482,-3.30404481671895,-9.79581018192142,-4.69700868483216,-3.99824840307186
1.20169197374424,-0.0874970165896538,-0.427129698844443,0.529150650494706,1.94133352083485,2.11251110933125
4.78733672724391,1.59048305276939,1.55765838247059,-2.07202520898405,5.55481888641351,5.16025775024233
0.782565400766111,-1.36920929656937,-0.303439042908134,1.52036959803141,-0.205508954097178,-2.23030480704
-0.339203591262511,-1.42683501711092,0.335983489863992,-0.901954263055801,2.14216858458224,1.27590408138111
0.24438462174526,2.83888788841411,-2.66721981685465,-0.762731695174638,-2.73196470910592,-5.48482018988904
1.54582296868947,1.48117620270292,-0.303218645831563,-1.69558845891586,0.470238176437944,-0.554626499495488
-0.586240255785653,1.23775832476799,-0.725163842983638,1.5120997908377,-0.405856863584494,0.169061852022292
1.37554840215697,0.842645429816406,-0.682154716211191,-1.81251259440009,0.551571248064894,2.28353703637504
1.68652374415581,-1.34794121451259,0.434504180273606,-0.739436329067741,0.484886267936862,1.02480163729181
0.703371592029286,-1.47537541068003,-1.18235201574929,0.885100052789676,1.08962535448414,0.395724748291088
0.27438842223603,-0.784085824085962,0.32114755184665,5.83892133322705,5.86696850113168,4.63987547704765
0.0769424584094579,0.981456654019452,0.190287347543977,-1.705616924043,1.33908579548369,2.20290832745169
1.27289905650505,-0.931937096327839,1.51138130675628,0.49670251584556,4.45219447692399,3.06085133070036
-0.413930474370274,-0.445230272586692,-0.114433685385377,0.00885505246606955,-0.832907929381665,-1.88161610040516
-0.606864569845672,0.406134567071256,-0.931544782181067,0.890160533103128,-1.98145205861461,-2.18880396556357
0.73034160416328,-1.71450460579731,2.16629171550605,-0.523415354374036,5.3199561743873,3.52015353755768
-2.93605796522814,-0.0515125929755524,-1.60736498494766,1.60253005968006,-1.44576747427801,0.646990740290676
2.56070985363349,-0.620562698429107,-0.434855620600904,1.15000489557002,1.02657186007933,-0.692035250583984
0.615762697277097,0.614042297651108,-0.146919541514823,-0.59623372624589,-0.650403596677615,-0.799279968389431
0.421899511381711,-0.000995653286253674,0.753537279703641,-1.09715336253677,1.36511932150801,2.46758050900954
-2.84057286257676,0.107538946447534,-0.00681667717667965,1.20665259262095,-2.08718725662524,-0.947368203682178
-0.690568005909155,0.777341030390634,0.190781028409566,-0.818949283731457,0.297745237500801,1.40902858684119
-1.68435452541038,0.0826645479374501,-0.389275886659536,5.97434647119105,-2.09976164966896,-2.4331575595136
-0.678145758547441,-5.97762364181706,2.86891631700855,4.2826072234663,1.32135671872122,-0.344669883012001
0.259227911089464,4.18300633147477,-3.34688555105398,-3.23794369019794,-1.04630722461091,-1.63882373416172
-0.301366630519701,-0.116064375444133,-0.477353461011693,0.992278124504977,-0.560314198408302,0.243506135353592
0.767360722025957,-0.800904734501575,7.93662792646026,1.83992192786336,6.35812060837334,5.7396837257298
-1.52130914447242,-1.05472980357628,-0.613197641428286,3.15880941339232,-1.05807730336859,-0.948901794231425
-0.273085181181104,0.128825962285668,0.450249734970916,-0.214008119600569,-0.0172427139425277,-0.743405183042644
1.58839003212023,0.0422325540983636,-1.02189014903865,0.652694393847371,1.10233944881109,0.219734636364952
0.801264491283769,1.49068225756664,0.815428359896482,2.78362380403749,2.10324580254139,0.887481641646252
-0.0306668758146692,-0.993886060702902,0.534101345375729,-0.493789404320746,-0.529417408316437,-0.617068558335302
-0.426005605794022,1.22084786150197,-1.37649538033804,0.252053088594521,-2.70623165966874,-2.77010164046338
0.666250657625041,-1.01623557052294,0.229436286315254,0.306758344061905,-0.971712541876804,-1.42850993958896
7.57577845203353,-0.547715871872102,-1.03938289510742,1.1902385886492,5.42323645831974,4.40757006315659
-0.425672396382357,0.700671404816459,-0.992054974947306,-4.61712608214651,-0.0340578357443262,-0.472042061157506
-0.39001200217738,-0.128550905265004,1.08928052336266,-1.910229235969,5.81104742752784,3.82563660060837
2.19087235674548,3.12355158710834,-4.45265621635612,-2.11153227893994,-2.59870475404718,-1.32474034255063
0.625583298086425,1.14943214401504,-0.344231421015487,-0.632972985490586,-0.203016967446139,-0.598292946524352
-1.30716249102668,0.996648381560213,4.2472731601369,3.53441408780016,3.06199022014971,2.45716438463352
0.8432852206291,-0.275049834636399,-0.196634680158762,-0.593351099832849,-0.736782446303341,-0.604584423210789
-1.21432091602337,-1.63536138712132,-6.00404158500626,0.0822958233243373,-5.83486332189582,-4.66788137339389
-0.698075144271947,-0.455995657357431,-1.08488943736086,5.60355018447737,-1.77340021937479,-1.06145005215793
0.96267144232417,-0.756381189590791,-0.0149877676946311,1.0163024137894,0.397734866103577,1.64336725220044
0.58227709382928,2.78419973216519,-0.811293862410321,-2.81365339981051,-0.210817939063254,-1.06080879937317
-0.639365959863136,0.196727131169733,-0.242583117396995,0.580892562787191,0.12964259227865,-0.0210853781731082
-1.34800777684446,-2.29879519477129,1.74025476351303,0.820241024033632,1.44741782681207,1.28154518321549
0.543389356812615,-0.906160819953711,1.18076027327853,1.06384970863747,1.15180760786061,4.54161138441198
3.32442908844531,-1.02059706050236,0.551022321290129,-0.150768929058673,2.41779720365537,-0.261367400708892
0.274372893372014,-0.299579879047746,1.09824069575919,0.755432124440695,4.12488234147648,4.09059219529998
-0.316627128959136,-0.124782839212463,-0.0190638759444183,0.589962432449793,-0.504510414357349,-1.01277815023956
-0.839007532017937,-0.940410398342247,1.25384966655187,1.44734245478033,1.10055698638966,1.63854565399368
0.209708287463606,-0.295475483654373,3.24711810927212,-0.977839835766199,2.30614360166075,2.9433176276782
1.69361503801797,0.855799921313181,-0.514547078659573,-1.42951926647873,-4.41881972333751,-2.68625808474992
-1.35531425948669,0.893492186707748,-1.3042051163592,-0.274767261635798,-0.92609473201698,0.514456178515149
1.17454834444945,2.57359024473351,-5.5052636478872,-1.60724920641633,-4.23678343325176,-3.87615847561139
-0.0891278196921665,0.47501606967277,-1.60490153406932,0.483183968387214,-2.62803491629323,-2.01233509952646
1.5731299314979,0.75004299343735,0.735707494704809,2.02139144532406,1.61547680896415,1.46039163794869
0.36856590971574,1.03179456148237,-1.75238419758976,1.14033181599623,0.0932157092570849,0.767712733169131
-0.352091604411787,-1.29222556646069,-1.35242342530882,1.89349808266637,-2.63279323685523,-1.83846617192081
0.101566629544942,-0.72083996525607,1.59085588383728,1.33973869161574,2.73449772879353,1.94705038914513
1.12064125029532,1.17883235016414,-0.172548963030042,-5.77480444720465,-0.192323710008093,1.62382346986511
-1.13839252583951,0.712403860808469,-0.194335652091768,-0.27129683915533,-1.30967304528964,-0.795739097670769
0.000604960907928125,0.910129193051458,0.273336068300943,0.365533916002933,-1.59863085110367,-0.823899896258105
-3.91990658767875,0.350517106685859,-0.204716290714846,-0.478778095728238,-2.95312113731864,-2.59940558366372
0.378095752049884,0.949954391197948,-1.33465851414879,-1.13220830178513,-3.34239699226996,-3.47676810455105
4.20628707306507,1.20431501349761,-1.38538390131873,-0.0911015836783806,2.36065465750623,3.30021432557156
-0.637107933073924,-1.18792360388947,4.29611770902245,0.200681952624431,4.29371313661962,3.56765071976298
-1.19778848074978,-1.79403474331071,0.666516715647396,1.45223333178757,-9.54489428393766,-7.22827249412496
-1.08445027873478,-1.54506521997806,2.67116546487927,2.02787167214341,-4.09498981651048,-2.89830366661184
1.45890881693664,0.23849865885574,0.107169903400337,0.666728105910611,-0.0999118980817691,1.15099416345372
2.71636885227377,-0.610308212254662,-0.768485276776776,1.98060274237716,-0.225165327810471,-1.30086713371307
-2.30053123444026,-0.0103577874076307,0.0560179565545172,2.71041203234922,-1.86383225987563,-0.832155549505283
1.69217214059482,-0.148949775831254,-4.85825804573729,0.286200881749177,-3.99027769994407,-2.85321284224981
-0.292118200433075,0.360689562173462,-0.437507640166217,0.859349202319305,-1.84436629518268,-2.9485605456999
1.15878383878455,1.13159505392874,0.445449787790453,1.26874931488728,0.775982504939048,-0.154822363516757
1.52768168366391,1.19051161510642,-0.577338282720559,-1.46269810197382,0.81986088422388,-3.83724084482298
0.778821550017955,0.141201605418547,0.674366183788112,0.367355450546448,0.98220342459689,0.104779960360595
1.20528705198797,0.846301591593895,-1.66901274334847,0.717453560182701,-2.3185119587778,-0.452664812768979
1.34207473816381,1.11116901827932,-0.210936423487518,-0.144511854856693,3.66948209729896,3.98768070699469
0.755272351056712,-0.307987130955781,0.447032195780979,0.997505514761506,1.41368980526938,1.77219942093298
1.21094738706891,0.966231771639442,-0.534844818949047,-1.6703547993744,0.13670212269443,0.94917483323804
1.29621676757801,1.58075147940568,0.642739785976953,-1.59021210797414,2.9664328625053,1.34205424887629
1.60675141561171,2.04244463487835,-0.395549632768039,-0.587480651678057,1.32925725030311,1.29771352303282
1.19064926379279,1.55264557238229,-0.170917691445131,1.81185867125458,-0.195718552863404,0.124262385905977
-0.773682927784831,2.74007870225223,-0.49500757776983,-3.37286379686397,-0.222983337847924,-0.667592130861448
0.10355073306212,-1.01550690419383,-0.977895969041723,-0.00187521720272454,-3.04433990573532,-1.83387773916131
0.748568789156954,-1.66588066977252,1.754035984737,1.6144450741572,1.7705919920075,-0.0444089068414233
-1.71590274755063,-0.142958792824442,1.09401485317686,5.14853509428855,0.409567258275327,2.28646397063217
-0.166180284622998,0.188229758261263,-0.604280955467468,-0.494683128517349,-0.638531110623254,-0.61386815309854
0.610798417601231,1.18766613126597,-0.470098572583791,-0.495213603243621,0.378006309423517,-0.460744651964926
0.667777588241223,-0.523015840592257,1.90297050422391,-2.22602894390527,1.95437822618265,2.78183707012928
-1.15935976607504,-1.31473644754052,-0.69739768423387,2.0371042654928,-0.412510951008832,-0.737574589580241
0.177230013979533,-0.0219858559890483,-3.44316946319631,0.318821233909979,-4.32762759064105,-2.61886938893479
-0.12511710882878,-0.587641725518803,-0.861588926741124,-0.911982526347781,-0.845620955905807,-1.20932845540702
-1.61936785742984,0.13383266098456,-1.33533644958454,0.491308631173806,-0.612395273076017,-2.11151166787658
0.315346409923821,0.270713080654864,-0.594875729054559,-0.330591392991997,1.3394561033164,1.09824492410587
0.382056367644762,0.7788947765972,1.34112176508571,-1.56922591110759,2.51445262835003,2.25367502378584
0.146899493225652,-2.27100726431197,3.02384925408464,1.10543645660025,3.41524106641345,2.09740011378106
-4.55720775468688,-1.36540739561502,4.76878054500509,1.96251398591636,0.061512671517846,-2.5439725443342
0.111832245811954,-1.50502201393157,1.68983152668377,2.36624688389711,-0.000244691123759022,-0.2682876851566
-1.10812178340172,0.572943589315461,-0.324309438258514,-0.368384456628555,0.513799510353318,0.116526997432381
0.11887316070899,0.62606183213209,-0.535129443353073,0.721143549497921,1.04763013534241,1.26902312531335
-2.65844646930071,0.236971139560481,0.339237725969783,0.204101419904692,-2.05560112014167,-1.68032174296805
1.06228751484291,0.215889464570848,-0.256735325121524,-1.78352004447804,0.254055556148942,-2.42977246529311
0.000105247187670184,0.503062550983628,0.743206423491845,-1.41615753410035,0.426734076663635,1.57806489112917
-0.912040356439581,1.16533051447228,0.35459070890395,0.78153430494591,0.945259900891052,2.10313971611534
0.564703650221236,-0.559581163761118,1.429294813576,0.484884317113081,8.0031724373068,7.26011379362067
-1.10302278385753,1.64697664459953,-1.70518765646415,-0.763799735241502,-2.56193879829593,-3.11895868048423
-1.25433865590781,0.0960708362037821,0.995711904340506,-0.0545502521775197,-0.387621233826639,0.372199663303101
-0.730391440179379,-2.28840426945691,0.751937813651911,3.80611710551708,-0.953772676474081,-0.0501614142014247
0.12684018495528,0.315276258819851,-0.756112083592579,3.24173448044126,0.875760523804882,1.61633758971795
0.667348692184883,1.2695080220964,-2.40078028275403,0.904526981601609,1.03461862471695,0.324444478719614
-1.08072036536721,2.09458410972848,-1.26241022126953,-0.99829824901584,0.171774458575302,0.941726006239259
0.50355609434469,1.89588530102093,-0.0906689714782891,-1.59025885315466,-0.318050341317847,-0.325255513025285
0.331336678779467,0.712438607763971,-0.499681128855253,0.699654287251415,1.13241894431689,1.31608753446636
-0.43087993310421,0.00987866231266417,4.1088703113563,-1.76667243279859,2.69266394373537,7.77370924539472
1.27248135745533,0.00290411350751478,0.882330385962136,1.4257406036081,1.63268093535727,0.074966816068623
0.915523510737738,0.855535135832851,-2.19031251089666,0.346051233889941,-3.06780475931388,-2.3696783218088
0.0678164980148228,0.0314890349221369,-2.92222295138441,0.814078678380933,-0.922306704687848,-0.751580619588013
0.58612830341466,-1.50426721717378,-0.251130522230568,0.76419128935233,0.606215503443662,0.64547784236791
-0.785075600157127,-0.592529648023615,0.00923815582040338,1.02471442244132,-0.484955734065292,-0.514379918695787
0.360780672641654,-0.550251187114388,-0.0801993729747844,1.26366804519382,1.28343485159698,0.90410430166309
-0.888837316320607,1.52235617975918,-2.34282499528052,0.112394650104241,-1.78805340592111,-1.27850689027265
0.000433489256328599,-0.279669888395975,-0.843257050466542,-1.08037398513211,-1.50363957516123,-2.53428884539592
-0.690755460740619,1.15679834651108,-2.14125448501703,1.37678180583067,-2.52209527191959,-2.87428747250099
1.19192403507944,1.171442640468,-0.305386684950589,0.628538322172028,2.38916185211778,1.01184661044726
-1.35782450003698,0.982842950036813,0.0622876757418136,1.12604798662881,-1.50589809089731,-0.777264468376987
-2.20897574892869,-1.26711693880802,-1.01481920623753,0.555037355731308,-2.6978061441203,-2.10990757145027
-0.870346317619633,-2.00162203550077,-0.360391250228102,1.53517289086538,-1.74994395019633,-3.18446770000897
-1.33751543689255,-0.316636884497597,0.82565952375285,-0.332856260767555,-0.794563342517895,4.2418173376237
-2.80498466793604,0.459168494808837,0.333340637637032,-2.07459009288396,-0.124685268639427,0.152100321034713
-0.321370220683198,-1.20901270780435,0.391720764832682,-1.27746764933915,0.273078640455877,-2.24408174202711
1.49044151100766,-1.68340273101156,1.4924923174856,0.849202681991999,2.09818221354705,1.60726568455172
-0.39704882730827,0.207175360500558,-1.63813908055904,-1.13103179580242,-1.82663524313819,-1.5648890892633
0.246164836296457,-1.59450866814342,2.22844026805087,2.40593823544696,2.46509548123591,3.00692071548689
-0.357112208083644,0.254480502402468,-1.25060928661295,-0.573751632854194,-1.20764853327226,-1.83847042162073
0.966234588069496,0.375411310376771,-0.938122249602981,-0.62713699657951,-1.03246885742305,-0.94332331579907
-0.109626590240626,-0.0306965245483156,0.399379986604827,-1.56978779898374,1.03238125941572,-0.16304418160443
-0.889858745203375,-0.610004792472853,-1.253986597856,1.03517630792436,-2.25827225979125,-3.00874327615759
0.920085725024284,-2.05448785362378,0.687833428409533,1.66164213624465,-5.92913689331239,-4.89459309559568
-1.14927736294958,4.28831957803991,-5.64623430891072,-0.470672890424018,-5.0446637219567,-3.14943052116618
2.53023254720865,-0.14821901395907,-1.04101636773647,-0.71934666642195,-1.09071394949493,-1.42887414891169
0.354944905770119,1.35246506919863,0.811292982888961,0.423258825974173,0.872908197023345,-1.77053670968755
-0.510748841592085,-1.66154628680893,1.99801158944685,1.0476258782175,1.98200876004802,1.28111163563298
0.403125827489945,1.47633604689217,-0.831838864856586,-1.65000520751304,-0.0440116791496057,-1.01675497475719
-0.0910425651045468,-0.988807500632697,1.77874927546812,-0.561839727878166,2.44017314886303,2.73337426538261
0.0658660065949001,-0.806381423667824,1.39987234193324,-4.39354828476981,-0.876713896768926,-1.7243669343314
1.24476660800513,-1.4275091011665,-2.98602999061282,0.865094553203274,-1.97562829397448,-2.33491584899624
-1.48413356581583,-1.98056248066417,1.92522359693652,0.150438762489779,0.654407839547483,0.272808982871043
-0.389349836529836,0.559454827086868,-0.73481746268787,-2.26640336705892,-1.24078073823796,0.102318860772191
5.87827048071025,0.0275841612026065,-0.881699840037974,-0.485551250944058,3.29306718128911,3.65367797483451
0.861213931624695,-0.646482736485342,1.46640346148248,0.105997657512631,2.66190319756535,3.64032638770334
0.0488403175235984,-1.49416027137251,-0.0653930421092139,0.336164299000008,-0.0162196371114751,0.71217704272223
2.06831283030599,-0.126429589375883,-0.980343748444356,0.195072451919862,0.678263481009977,-2.51905395256472
0.569548414335195,-2.40926173510982,2.32523476510205,0.857161388078957,2.65545975150891,1.32104836753055
0.620079316504697,0.612273832042723,-1.70377765153324,0.165367766515244,0.155606931562984,1.12201751746407
0.714004559464677,-0.98361518412482,0.290892582712873,0.85146734147567,-0.26950945403382,-0.413888738779335
-1.23327470369994,-0.845096937776863,-1.36311303902827,0.631961760845284,0.900205646252202,-0.165345437633466
-1.42822044730787,-1.06570221714288,0.137063239091701,0.829225973379192,0.100773676093666,-2.02857287984441
-1.58506110722714,0.590430764053555,-2.09090708343671,-1.88854615366783,-2.65723142837198,-2.97704631795574
-0.254109906283521,-0.431186751972794,-0.323549242945915,1.22002841602376,0.313300494966796,0.316445329479295
